8 2.9141 2.9141 2 1 0
8.03838 2.91502 2.91502 1 1 0
8.05809 2.91805 2.91805 1 1 0
8.0778 2.92107 2.92107 1 1 0
8.09752 2.92409 2.92409 1 1 0
8.11723 2.9271 2.9271 1 1 0
8.13695 2.93011 2.93011 1 1 0
8.15666 2.93311 2.93311 1 1 0
8.17638 2.9361 2.9361 1 1 0
8.1961 2.93909 2.93909 1 1 0
8.21582 2.94207 2.94207 1 1 0
8.23554 2.94505 2.94505 1 1 0
8.25526 2.94802 2.94802 1 1 0
8.27499 2.95098 2.95098 1 1 0
8.29471 2.95394 2.95394 1 1 0
8.31444 2.95689 2.95689 1 1 0
8.33416 2.95984 2.95984 1 1 0
8.35389 2.96278 2.96278 1 1 0
8.37362 2.96571 2.96571 1 1 0
8.39335 2.96864 2.96864 1 1 0
8.41308 2.97156 2.97156 1 1 0
8.43282 2.97448 2.97448 1 1 0
8.45255 2.97739 2.97739 1 1 0
8.47228 2.98029 2.98029 1 1 0
8.49202 2.98319 2.98319 1 1 0
8.51176 2.98609 2.98609 1 1 0
8.53149 2.98897 2.98897 1 1 0
8.55123 2.99186 2.99186 1 1 0
8.57097 2.99473 2.99473 1 1 0
8.59071 2.9976 2.9976 1 1 0
8.61045 3.00047 3.00047 1 1 0
8.61914 3.00173 3.00173 2 1 0
8.63889 3.00459 3.00459 2 1 0
8.65863 3.00744 3.00744 2 1 0
8.67838 3.01028 3.01028 2 1 0
8.69812 3.01312 3.01312 2 1 0
8.71787 3.01596 3.01596 2 1 0
8.73762 3.01879 3.01879 2 1 0
8.75737 3.02161 3.02161 2 1 0
8.77712 3.02443 3.02443 2 1 0
8.79687 3.02724 3.02724 2 1 0
8.81662 3.03005 3.03005 2 1 0
8.83637 3.03285 3.03285 2 1 0
8.85613 3.03565 3.03565 2 1 0
8.87588 3.03844 3.03844 2 1 0
8.89564 3.04123 3.04123 2 1 0
8.91539 3.04401 3.04401 2 1 0
8.93515 3.04679 3.04679 2 1 0
8.95491 3.04956 3.04956 2 1 0
8.97467 3.05232 3.05232 2 1 0
8.99443 3.05508 3.05508 2 1 0
9.01419 3.05784 3.05784 2 1 0
9.03395 3.06059 3.06059 2 1 0
9.05372 3.06333 3.06333 2 1 0
9.07348 3.06607 3.06607 2 1 0
9.09325 3.06881 3.06881 2 1 0
9.11301 3.07154 3.07154 2 1 0
9.13278 3.07426 3.07426 2 1 0
9.15255 3.07698 3.07698 2 1 0
9.17232 3.0797 3.0797 2 1 0
9.19208 3.08241 3.08241 2 1 0
9.21185 3.08511 3.08511 2 1 0
9.23163 3.08781 3.08781 2 1 0
9.2514 3.0905 3.0905 2 1 0
9.27117 3.09319 3.09319 2 1 0
9.29094 3.09588 3.09588 2 1 0
9.31072 3.09856 3.09856 2 1 0
9.33049 3.10123 3.10123 2 1 0
9.35027 3.1039 3.1039 2 1 0
9.37005 3.10657 3.10657 2 1 0
9.38982 3.10923 3.10923 2 1 0
9.4096 3.11188 3.11188 2 1 0
9.42938 3.11454 3.11454 2 1 0
9.44916 3.11718 3.11718 2 1 0
9.46894 3.11982 3.11982 2 1 0
9.48872 3.12246 3.12246 2 1 0
9.50851 3.12509 3.12509 2 1 0
9.52829 3.12772 3.12772 2 1 0
9.54807 3.13034 3.13034 2 1 0
9.56786 3.13296 3.13296 2 1 0
9.58764 3.13557 3.13557 2 1 0
9.60743 3.13818 3.13818 2 1 0
9.62722 3.14078 3.14078 2 1 0
9.647 3.14338 3.14338 2 1 0
9.66679 3.14598 3.14598 2 1 0
9.68658 3.14857 3.14857 2 1 0
9.70637 3.15115 3.15115 2 1 0
9.72616 3.15373 3.15373 2 1 0
9.74595 3.15631 3.15631 2 1 0
9.76575 3.15888 3.15888 2 1 0
9.78554 3.16145 3.16145 2 1 0
9.80533 3.16401 3.16401 2 1 0
9.82513 3.16657 3.16657 2 1 0
9.84492 3.16913 3.16913 2 1 0
9.86472 3.17168 3.17168 2 1 0
9.88451 3.17422 3.17422 2 1 0
9.90431 3.17676 3.17676 2 1 0
9.92411 3.1793 3.1793 2 1 0
9.94391 3.18183 3.18183 2 1 0
9.96371 3.18436 3.18436 2 1 0
9.98351 3.18688 3.18688 2 1 0
10.0033 3.1894 3.1894 2 1 0
10.0231 3.19192 3.19192 2 1 0
10.0429 3.19443 3.19443 2 1 0
10.0627 3.19693 3.19693 2 1 0
10.0825 3.19943 3.19943 2 1 0
10.1023 3.20193 3.20193 2 1 0
10.1221 3.20443 3.20443 2 1 0
10.1419 3.20692 3.20692 2 1 0
10.1617 3.2094 3.2094 2 1 0
10.1815 3.21188 3.21188 2 1 0
10.2014 3.21436 3.21436 2 1 0
10.2212 3.21683 3.21683 2 1 0
10.241 3.2193 3.2193 2 1 0
10.2608 3.22176 3.22176 2 1 0
10.2806 3.22422 3.22422 2 1 0
10.3004 3.22668 3.22668 2 1 0
10.3202 3.22913 3.22913 2 1 0
10.34 3.23158 3.23158 2 1 0
10.3598 3.23402 3.23402 2 1 0
10.3796 3.23646 3.23646 2 1 0
10.3995 3.2389 3.2389 2 1 0
10.4193 3.24133 3.24133 2 1 0
10.4391 3.24376 3.24376 2 1 0
10.4589 3.24618 3.24618 2 1 0
10.4787 3.2486 3.2486 2 1 0
10.4985 3.25102 3.25102 2 1 0
10.5184 3.25343 3.25343 2 1 0
10.5382 3.25584 3.25584 2 1 0
10.558 3.25824 3.25824 2 1 0
10.5778 3.26064 3.26064 2 1 0
10.5976 3.26304 3.26304 2 1 0
10.6175 3.26543 3.26543 2 1 0
10.6373 3.26782 3.26782 2 1 0
10.6571 3.27021 3.27021 2 1 0
10.6769 3.27259 3.27259 2 1 0
10.6967 3.27496 3.27496 2 1 0
10.7166 3.27734 3.27734 2 1 0
10.7364 3.27971 3.27971 2 1 0
10.7562 3.28207 3.28207 2 1 0
10.776 3.28443 3.28443 2 1 0
10.7959 3.28679 3.28679 2 1 0
10.8157 3.28915 3.28915 2 1 0
10.8355 3.2915 3.2915 2 1 0
10.8553 3.29384 3.29384 2 1 0
10.8752 3.29619 3.29619 2 1 0
10.895 3.29853 3.29853 2 1 0
10.9148 3.30086 3.30086 2 1 0
10.9347 3.30319 3.30319 2 1 0
10.9545 3.30552 3.30552 2 1 0
10.9743 3.30785 3.30785 2 1 0
10.9941 3.31017 3.31017 2 1 0
11.014 3.31248 3.31248 2 1 0
11.0338 3.3148 3.3148 2 1 0
11.0536 3.31711 3.31711 2 1 0
11.0735 3.31942 3.31942 2 1 0
11.0933 3.32172 3.32172 2 1 0
11.1131 3.32402 3.32402 2 1 0
11.133 3.32631 3.32631 2 1 0
11.1528 3.32861 3.32861 2 1 0
11.1726 3.33089 3.33089 2 1 0
11.1925 3.33318 3.33318 2 1 0
11.2123 3.33546 3.33546 2 1 0
11.2322 3.33774 3.33774 2 1 0
11.252 3.34001 3.34001 2 1 0
11.2718 3.34228 3.34228 2 1 0
11.2917 3.34455 3.34455 2 1 0
11.3115 3.34682 3.34682 2 1 0
11.3314 3.34908 3.34908 2 1 0
11.3512 3.35133 3.35133 2 1 0
11.371 3.35359 3.35359 2 1 0
11.3909 3.35584 3.35584 2 1 0
11.4107 3.35808 3.35808 2 1 0
11.4306 3.36033 3.36033 2 1 0
11.4504 3.36257 3.36257 2 1 0
11.4702 3.36481 3.36481 2 1 0
11.4901 3.36704 3.36704 2 1 0
11.5099 3.36927 3.36927 2 1 0
11.5298 3.3715 3.3715 2 1 0
11.5496 3.37372 3.37372 2 1 0
11.5695 3.37594 3.37594 2 1 0
11.5893 3.37815 3.37815 2 1 0
11.6092 3.38037 3.38037 2 1 0
11.629 3.38258 3.38258 2 1 0
11.6489 3.38478 3.38478 2 1 0
11.6687 3.38699 3.38699 2 1 0
11.6885 3.38919 3.38919 2 1 0
11.7084 3.39139 3.39139 2 1 0
11.7282 3.39358 3.39358 2 1 0
11.7481 3.39577 3.39577 2 1 0
11.7679 3.39796 3.39796 2 1 0
11.7878 3.40014 3.40014 2 1 0
11.8076 3.40232 3.40232 2 1 0
11.8275 3.4045 3.4045 2 1 0
11.8473 3.40667 3.40667 2 1 0
11.8672 3.40884 3.40884 2 1 0
11.8871 3.41101 3.41101 2 1 0
11.9069 3.41318 3.41318 2 1 0
11.9268 3.41534 3.41534 2 1 0
11.9466 3.4175 3.4175 2 1 0
8.61914 3.00173 3.00173 4 2 0
8.61921 3.01198 2.99153 3 2 0
8.61942 3.02228 2.98138 3 2 0
8.61978 3.03265 2.97127 3 2 0
8.62028 3.04306 2.96123 3 2 0
8.62092 3.05351 2.95124 3 2 0
8.6217 3.06396 2.94132 3 2 0
8.62262 3.0745 2.93146 3 2 0
8.62369 3.08509 2.92166 3 2 0
8.62489 3.0957 2.91185 3 2 0
8.62624 3.10636 2.90214 3 2 0
8.62773 3.11707 2.89248 3 2 0
8.62935 3.12772 2.8829 3 2 0
8.63111 3.13847 2.87336 3 2 0
8.63302 3.14928 2.86389 3 2 0
8.63506 3.16021 2.85451 3 2 0
8.63723 3.17106 2.84516 3 2 0
8.63955 3.18194 2.83588 3 2 0
8.64199 3.19296 2.82668 3 2 0
8.64458 3.2039 2.81753 3 2 0
8.64729 3.21487 2.80844 3 2 0
8.65014 3.22594 2.79945 3 2 0
8.65312 3.23698 2.7905 3 2 0
8.65623 3.24803 2.78162 3 2 0
8.65947 3.25892 2.77289 3 2 0
8.66284 3.26997 2.76414 3 2 0
8.66634 3.28104 2.75546 3 2 0
8.66997 3.29241 2.7471 3 2 0
8.67372 3.30354 2.73855 3 2 0
8.67759 3.31468 2.73006 3 2 0
8.68159 3.32598 2.72177 3 2 0
8.68572 3.33719 2.71344 3 2 0
8.68996 3.3484 2.70516 3 2 0
8.69432 3.35934 2.6968 3 2 0
8.69881 3.37052 2.68867 3 2 0
8.70341 3.38177 2.68061 3 2 0
8.70812 3.393 2.67267 3 2 0
8.71296 3.40431 2.66475 3 2 0
8.71791 3.41561 2.6569 3 2 0
8.72297 3.42715 2.64924 3 2 0
8.72814 3.43844 2.64152 3 2 0
8.73343 3.44973 2.63387 3 2 0
8.73882 3.46089 2.62633 3 2 0
8.74432 3.47221 2.61882 3 2 0
8.74993 3.48352 2.61138 3 2 0
8.75565 3.49487 2.60413 3 2 0
8.76147 3.50615 2.59682 3 2 0
8.7674 3.51743 2.58958 3 2 0
8.77343 3.5286 2.58257 3 2 0
8.77956 3.53984 2.57545 3 2 0
8.78579 3.55108 2.5684 3 2 0
8.79212 3.56263 2.56149 3 2 0
8.79854 3.5739 2.55458 3 2 0
8.80507 3.58516 2.54773 3 2 0
8.81169 3.59643 2.54125 3 2 0
8.8184 3.60768 2.53451 3 2 0
8.82521 3.61891 2.52785 3 2 0
8.83212 3.63017 2.52135 3 2 0
8.83911 3.64145 2.51491 3 2 0
8.84619 3.65271 2.50854 3 2 0
8.85337 3.66399 2.50248 3 2 0
8.86063 3.67522 2.49626 3 2 0
8.86798 3.68644 2.49006 3 2 0
8.87542 3.69765 2.4834 3 2 0
8.88294 3.70886 2.47722 3 2 0
8.89055 3.72005 2.4711 3 2 0
8.89823 3.73116 2.46503 3 2 0
8.90601 3.74236 2.45904 3 2 0
8.91386 3.75354 2.4531 3 2 0
8.9218 3.76444 2.4472 3 2 0
8.92981 3.77563 2.44139 3 2 0
8.9379 3.7868 2.43564 3 2 0
8.94607 3.79811 2.42994 3 2 0
8.95432 3.8092 2.42431 3 2 0
8.96264 3.82028 2.41874 3 2 0
8.97104 3.83107 2.41327 3 2 0
8.97952 3.84208 2.40781 3 2 0
8.98806 3.85306 2.4024 3 2 0
8.99668 3.86457 2.39714 3 2 0
9.00538 3.87561 2.39183 3 2 0
9.01414 3.88662 2.38657 3 2 0
9.02297 3.89763 2.38146 3 2 0
9.03188 3.90862 2.3763 3 2 0
9.04085 3.91958 2.37119 3 2 0
9.04989 3.93046 2.36632 3 2 0
9.059 3.94144 2.3613 3 2 0
9.06817 3.95241 2.35633 3 2 0
9.07741 3.96318 2.35199 3 2 0
9.08671 3.97413 2.34709 3 2 0
9.09608 3.98506 2.34224 3 2 0
9.10552 3.99605 2.33725 3 2 0
9.11501 4.00689 2.3326 3 2 0
9.12457 4.01772 2.32801 3 2 0
9.13419 4.0283 2.32321 3 2 0
9.14387 4.03906 2.31869 3 2 0
9.15362 4.0498 2.31422 3 2 0
9.16342 4.06065 2.30995 3 2 0
9.17328 4.07136 2.30559 3 2 0
9.1832 4.08204 2.30127 3 2 0
9.19318 4.09278 2.29704 3 2 0
9.20321 4.10343 2.29282 3 2 0
9.21331 4.11406 2.28864 3 2 0
9.22346 4.12539 2.28449 3 2 0
9.23366 4.1361 2.28024 3 2 0
9.24392 4.1468 2.27603 3 2 0
9.25423 4.15687 2.27143 3 2 0
9.2646 4.16742 2.26742 3 2 0
9.27502 4.17796 2.26346 3 2 0
9.2855 4.18867 2.25917 3 2 0
9.29603 4.19934 2.25527 3 2 0
9.30661 4.20999 2.2514 3 2 0
9.31724 4.22025 2.24845 3 2 0
9.32792 4.23088 2.24454 3 2 0
9.33865 4.24149 2.24068 3 2 0
9.34943 4.25263 2.2361 3 2 0
9.36027 4.2631 2.23235 3 2 0
9.37115 4.27354 2.22865 3 2 0
9.38208 4.28422 2.22492 3 2 0
9.39306 4.29468 2.22129 3 2 0
9.40408 4.30511 2.21771 3 2 0
9.41516 4.31555 2.21417 3 2 0
9.42628 4.32597 2.21067 3 2 0
9.43744 4.33637 2.20721 3 2 0
9.44865 4.34663 2.20378 3 2 0
9.45991 4.35703 2.20038 3 2 0
9.47122 4.36741 2.19703 3 2 0
9.48256 4.37714 2.19376 3 2 0
9.49396 4.38754 2.19048 3 2 0
9.50539 4.39791 2.18723 3 2 0
9.51687 4.40874 2.18391 3 2 0
9.52839 4.41902 2.18072 3 2 0
9.53996 4.42928 2.17756 3 2 0
9.55157 4.4395 2.17442 3 2 0
9.56322 4.44972 2.17132 3 2 0
9.57491 4.45992 2.16826 3 2 0
9.58664 4.47015 2.165 3 2 0
9.59842 4.48032 2.16198 3 2 0
9.61023 4.49047 2.159 3 2 0
9.62209 4.50067 2.15592 3 2 0
9.63398 4.51079 2.15298 3 2 0
9.64592 4.5209 2.15008 3 2 0
9.65789 4.53097 2.14717 3 2 0
9.6699 4.54104 2.14432 3 2 0
9.68195 4.55109 2.1415 3 2 0
9.69404 4.56125 2.13865 3 2 0
9.70617 4.57128 2.13588 3 2 0
9.71834 4.58128 2.13314 3 2 0
9.73054 4.59146 2.13032 3 2 0
9.74278 4.60145 2.12763 3 2 0
9.75505 4.61143 2.12497 3 2 0
9.76737 4.62149 2.12223 3 2 0
9.77971 4.63145 2.11962 3 2 0
9.7921 4.64139 2.11703 3 2 0
9.80452 4.65138 2.11439 3 2 0
9.81697 4.6613 2.11184 3 2 0
9.82946 4.6712 2.10932 3 2 0
9.84199 4.68113 2.10676 3 2 0
9.85455 4.69101 2.10428 3 2 0
9.86714 4.70088 2.10184 3 2 0
9.87977 4.71074 2.09933 3 2 0
9.89243 4.72059 2.09693 3 2 0
9.90512 4.73043 2.09455 3 2 0
9.91785 4.7402 2.09211 3 2 0
9.93061 4.75002 2.08977 3 2 0
9.9434 4.75983 2.08746 3 2 0
9.95622 4.76952 2.08509 3 2 0
9.96908 4.77931 2.08282 3 2 0
9.98196 4.78908 2.08057 3 2 0
9.99488 4.79867 2.07826 3 2 0
10.0078 4.80843 2.07606 3 2 0
10.0208 4.81817 2.07387 3 2 0
10.0338 4.82765 2.07163 3 2 0
10.0469 4.83738 2.06948 3 2 0
10.0599 4.84709 2.06736 3 2 0
10.073 4.85641 2.06518 3 2 0
10.0862 4.86611 2.0631 3 2 0
10.0993 4.8758 2.06103 3 2 0
10.1125 4.88481 2.05893 3 2 0
10.1258 4.89449 2.05691 3 2 0
10.139 4.90416 2.0549 3 2 0
10.1523 4.91335 2.05284 3 2 0
10.1656 4.92282 2.05087 3 2 0
10.1789 4.93236 2.04892 3 2 0
10.1923 4.94209 2.04682 3 2 0
10.2057 4.9517 2.0449 3 2 0
10.2191 4.96129 2.043 3 2 0
10.2325 4.97154 2.04091 3 2 0
10.246 4.98107 2.03904 3 2 0
10.2595 4.99059 2.03719 3 2 0
10.273 4.99998 2.03525 3 2 0
10.2866 5.00947 2.03343 3 2 0
10.3002 5.01895 2.03163 3 2 0
10.3138 5.02823 2.02977 3 2 0
10.3274 5.03769 2.028 3 2 0
10.3411 5.04713 2.02625 3 2 0
10.3548 5.05632 2.02443 3 2 0
10.3685 5.06574 2.02271 3 2 0
10.3822 5.07516 2.021 3 2 0
10.396 5.08425 2.01922 3 2 0
10.4097 5.09365 2.01755 3 2 0
8 2.9141 2.9141 2 1 0
7.9635 2.90344 2.90344 1 1 0
7.9438 2.90038 2.90038 1 1 0
7.9241 2.89731 2.89731 1 1 0
7.90439 2.89424 2.89424 1 1 0
7.88469 2.89116 2.89116 1 1 0
7.86499 2.88807 2.88807 1 1 0
7.84529 2.88498 2.88498 1 1 0
7.8256 2.88188 2.88188 1 1 0
7.8059 2.87877 2.87877 1 1 0
7.78621 2.87565 2.87565 1 1 0
7.76651 2.87253 2.87253 1 1 0
7.74682 2.86941 2.86941 1 1 0
7.72713 2.86627 2.86627 1 1 0
7.70744 2.86313 2.86313 1 1 0
7.68775 2.85999 2.85999 1 1 0
7.66807 2.85683 2.85683 1 1 0
7.64838 2.85367 2.85367 1 1 0
7.6287 2.8505 2.8505 1 1 0
7.60901 2.84733 2.84733 1 1 0
7.58933 2.84415 2.84415 1 1 0
7.56965 2.84096 2.84096 1 1 0
7.54997 2.83776 2.83776 1 1 0
7.5303 2.83456 2.83456 1 1 0
7.51062 2.83135 2.83135 1 1 0
7.49095 2.82813 2.82813 1 1 0
7.47128 2.82491 2.82491 1 1 0
7.4516 2.82168 2.82168 1 1 0
7.43193 2.81844 2.81844 1 1 0
7.41227 2.8152 2.8152 1 1 0
7.3926 2.81195 2.81195 1 1 0
7.37293 2.80869 2.80869 1 1 0
7.35327 2.80542 2.80542 1 1 0
7.33361 2.80214 2.80214 1 1 0
7.31395 2.79886 2.79886 1 1 0
7.29429 2.79557 2.79557 1 1 0
7.27463 2.79228 2.79228 1 1 0
7.25498 2.78897 2.78897 1 1 0
7.23532 2.78566 2.78566 1 1 0
7.21567 2.78234 2.78234 1 1 0
7.19602 2.77902 2.77902 1 1 0
7.17637 2.77568 2.77568 1 1 0
7.15672 2.77234 2.77234 1 1 0
7.13707 2.76899 2.76899 1 1 0
7.11743 2.76564 2.76564 1 1 0
7.09779 2.76227 2.76227 1 1 0
7.07814 2.7589 2.7589 1 1 0
7.0585 2.75552 2.75552 1 1 0
7.03887 2.75213 2.75213 1 1 0
7.01923 2.74873 2.74873 1 1 0
6.9996 2.74533 2.74533 1 1 0
6.97996 2.74192 2.74192 1 1 0
6.96033 2.7385 2.7385 1 1 0
6.9407 2.73507 2.73507 1 1 0
6.92107 2.73164 2.73164 1 1 0
6.90145 2.72819 2.72819 1 1 0
6.88182 2.72474 2.72474 1 1 0
6.8622 2.72128 2.72128 1 1 0
6.84258 2.71781 2.71781 1 1 0
6.82296 2.71433 2.71433 1 1 0
6.80335 2.71085 2.71085 1 1 0
6.78373 2.70736 2.70736 1 1 0
6.76412 2.70385 2.70385 1 1 0
6.74451 2.70034 2.70034 1 1 0
6.7249 2.69682 2.69682 1 1 0
6.70529 2.6933 2.6933 1 1 0
6.68569 2.68976 2.68976 1 1 0
6.66608 2.68622 2.68622 1 1 0
6.64648 2.68266 2.68266 1 1 0
6.62688 2.6791 2.6791 1 1 0
6.60728 2.67553 2.67553 1 1 0
6.58769 2.67195 2.67195 1 1 0
6.56809 2.66836 2.66836 1 1 0
6.5485 2.66477 2.66477 1 1 0
6.52891 2.66116 2.66116 1 1 0
6.50933 2.65755 2.65755 1 1 0
6.48974 2.65392 2.65392 1 1 0
6.47016 2.65029 2.65029 1 1 0
6.45058 2.64665 2.64665 1 1 0
6.431 2.643 2.643 1 1 0
6.41142 2.63934 2.63934 1 1 0
6.39184 2.63567 2.63567 1 1 0
6.37227 2.63199 2.63199 1 1 0
6.3527 2.6283 2.6283 1 1 0
6.33313 2.62461 2.62461 1 1 0
6.31357 2.6209 2.6209 1 1 0
6.294 2.61718 2.61718 1 1 0
6.27444 2.61346 2.61346 1 1 0
6.25488 2.60972 2.60972 1 1 0
6.23533 2.60598 2.60598 1 1 0
6.21577 2.60222 2.60222 1 1 0
6.19622 2.59846 2.59846 1 1 0
6.17667 2.59469 2.59469 1 1 0
6.15712 2.5909 2.5909 1 1 0
6.13758 2.58711 2.58711 1 1 0
6.11803 2.58331 2.58331 1 1 0
6.09849 2.57949 2.57949 1 1 0
6.07896 2.57567 2.57567 1 1 0
6.05942 2.57184 2.57184 1 1 0
6.03989 2.568 2.568 1 1 0
6.02036 2.56414 2.56414 1 1 0
6.00083 2.56028 2.56028 1 1 0
5.9813 2.5564 2.5564 1 1 0
5.96178 2.55252 2.55252 1 1 0
5.94226 2.54863 2.54863 1 1 0
5.92274 2.54472 2.54472 1 1 0
5.90323 2.54081 2.54081 1 1 0
5.88372 2.53688 2.53688 1 1 0
5.86421 2.53294 2.53294 1 1 0
5.8447 2.529 2.529 1 1 0
5.82519 2.52504 2.52504 1 1 0
5.80569 2.52107 2.52107 1 1 0
5.78619 2.51709 2.51709 1 1 0
5.7667 2.5131 2.5131 1 1 0
5.7472 2.5091 2.5091 1 1 0
5.72771 2.50509 2.50509 1 1 0
5.70823 2.50106 2.50106 1 1 0
5.68874 2.49703 2.49703 1 1 0
5.66926 2.49298 2.49298 1 1 0
5.64978 2.48892 2.48892 1 1 0
5.63031 2.48486 2.48486 1 1 0
5.61083 2.48078 2.48078 1 1 0
5.59136 2.47669 2.47669 1 1 0
5.5719 2.47258 2.47258 1 1 0
5.55243 2.46847 2.46847 1 1 0
5.53297 2.46434 2.46434 1 1 0
5.51351 2.46021 2.46021 1 1 0
5.49406 2.45606 2.45606 1 1 0
5.47461 2.45189 2.45189 1 1 0
5.45516 2.44772 2.44772 1 1 0
5.43571 2.44354 2.44354 1 1 0
5.41627 2.43934 2.43934 1 1 0
5.39683 2.43513 2.43513 1 1 0
5.3774 2.43091 2.43091 1 1 0
5.35797 2.42668 2.42668 1 1 0
5.33854 2.42243 2.42243 1 1 0
5.31911 2.41817 2.41817 1 1 0
5.29969 2.4139 2.4139 1 1 0
5.28027 2.40962 2.40962 1 1 0
5.26086 2.40532 2.40532 1 1 0
5.24145 2.40101 2.40101 1 1 0
5.22204 2.39669 2.39669 1 1 0
5.20264 2.39236 2.39236 1 1 0
5.18323 2.38801 2.38801 1 1 0
5.16384 2.38365 2.38365 1 1 0
5.14444 2.37928 2.37928 1 1 0
5.12506 2.37489 2.37489 1 1 0
5.10567 2.37049 2.37049 1 1 0
5.08629 2.36608 2.36608 1 1 0
5.06691 2.36165 2.36165 1 1 0
5.04754 2.35721 2.35721 1 1 0
5.02816 2.35276 2.35276 1 1 0
5.0088 2.34829 2.34829 1 1 0
4.98944 2.34381 2.34381 1 1 0
4.97008 2.33932 2.33932 1 1 0
4.95072 2.33481 2.33481 1 1 0
4.93137 2.33029 2.33029 1 1 0
4.91203 2.32575 2.32575 1 1 0
4.89268 2.3212 2.3212 1 1 0
4.87335 2.31664 2.31664 1 1 0
4.85401 2.31206 2.31206 1 1 0
4.83468 2.30747 2.30747 1 1 0
4.81536 2.30286 2.30286 1 1 0
4.79604 2.29824 2.29824 1 1 0
4.77672 2.2936 2.2936 1 1 0
4.75741 2.28895 2.28895 1 1 0
4.7381 2.28428 2.28428 1 1 0
4.7188 2.2796 2.2796 1 1 0
4.6995 2.27491 2.27491 1 1 0
4.6802 2.2702 2.2702 1 1 0
4.66092 2.26547 2.26547 1 1 0
4.64163 2.26073 2.26073 1 1 0
4.62235 2.25597 2.25597 1 1 0
4.60308 2.2512 2.2512 1 1 0
4.58381 2.24641 2.24641 1 1 0
4.56454 2.24161 2.24161 1 1 0
4.54528 2.23679 2.23679 1 1 0
4.52602 2.23195 2.23195 1 1 0
4.50677 2.2271 2.2271 1 1 0
4.48753 2.22223 2.22223 1 1 0
4.46829 2.21735 2.21735 1 1 0
4.44905 2.21245 2.21245 1 1 0
4.42982 2.20753 2.20753 1 1 0
4.4106 2.2026 2.2026 1 1 0
4.39138 2.19765 2.19765 1 1 0
4.37217 2.19268 2.19268 1 1 0
4.35296 2.1877 2.1877 1 1 0
4.33376 2.18269 2.18269 1 1 0
4.31456 2.17768 2.17768 1 1 0
4.29537 2.17264 2.17264 1 1 0
4.27618 2.16759 2.16759 1 1 0
4.257 2.16252 2.16252 1 1 0
4.23783 2.15743 2.15743 1 1 0
4.21866 2.15233 2.15233 1 1 0
4.1995 2.14721 2.14721 1 1 0
4.18034 2.14207 2.14207 1 1 0
4.16119 2.13691 2.13691 1 1 0
4.14205 2.13173 2.13173 1 1 0
4.12291 2.12654 2.12654 1 1 0
4.10378 2.12132 2.12132 1 1 0
4.10378 2.12132 2.12132 2 1 0
4.06553 2.11084 2.11084 1 1 0
4.04642 2.10557 2.10557 1 1 0
4.02731 2.10028 2.10028 1 1 0
4.00821 2.09497 2.09497 1 1 0
3.98912 2.08965 2.08965 1 1 0
3.97003 2.0843 2.0843 1 1 0
3.95095 2.07894 2.07894 1 1 0
3.93188 2.07355 2.07355 1 1 0
3.91282 2.06815 2.06815 1 1 0
3.89376 2.06272 2.06272 1 1 0
3.87471 2.05728 2.05728 1 1 0
3.85566 2.05181 2.05181 1 1 0
3.83663 2.04633 2.04633 1 1 0
3.8176 2.04082 2.04082 1 1 0
3.79858 2.0353 2.0353 1 1 0
3.77956 2.02975 2.02975 1 1 0
3.76055 2.02418 2.02418 1 1 0
3.74156 2.01859 2.01859 1 1 0
3.72256 2.01298 2.01298 1 1 0
3.70358 2.00735 2.00735 1 1 0
3.68461 2.0017 2.0017 1 1 0
3.66564 1.99603 1.99603 1 1 0
3.64668 1.99033 1.99033 1 1 0
3.62773 1.98461 1.98461 1 1 0
3.60879 1.97887 1.97887 1 1 0
3.58985 1.97311 1.97311 1 1 0
3.57093 1.96733 1.96733 1 1 0
3.55201 1.96152 1.96152 1 1 0
3.5331 1.95569 1.95569 1 1 0
3.5142 1.94984 1.94984 1 1 0
3.49531 1.94396 1.94396 1 1 0
3.47643 1.93806 1.93806 1 1 0
3.45756 1.93214 1.93214 1 1 0
3.4387 1.92619 1.92619 1 1 0
3.41984 1.92022 1.92022 1 1 0
3.401 1.91422 1.91422 1 1 0
3.38217 1.90821 1.90821 1 1 0
3.36334 1.90216 1.90216 1 1 0
3.34453 1.8961 1.8961 1 1 0
3.32572 1.89 1.89 1 1 0
3.30693 1.88389 1.88389 1 1 0
3.28814 1.87774 1.87774 1 1 0
3.26937 1.87158 1.87158 1 1 0
3.25061 1.86538 1.86538 1 1 0
3.23186 1.85916 1.85916 1 1 0
3.21311 1.85292 1.85292 1 1 0
3.19438 1.84665 1.84665 1 1 0
3.17566 1.84035 1.84035 1 1 0
3.15695 1.83403 1.83403 1 1 0
3.13826 1.82768 1.82768 1 1 0
3.11957 1.8213 1.8213 1 1 0
3.1009 1.8149 1.8149 1 1 0
3.08223 1.80846 1.80846 1 1 0
3.06358 1.802 1.802 1 1 0
3.04495 1.79552 1.79552 1 1 0
3.02632 1.789 1.789 1 1 0
3.0077 1.78246 1.78246 1 1 0
2.9891 1.77589 1.77589 1 1 0
2.97051 1.76929 1.76929 1 1 0
2.95194 1.76266 1.76266 1 1 0
2.93338 1.756 1.756 1 1 0
2.91483 1.74931 1.74931 1 1 0
2.89629 1.74259 1.74259 1 1 0
2.87777 1.73584 1.73584 1 1 0
2.85926 1.72907 1.72907 1 1 0
2.84076 1.72226 1.72226 1 1 0
2.82228 1.71542 1.71542 1 1 0
2.80382 1.70855 1.70855 1 1 0
2.78536 1.70165 1.70165 1 1 0
2.76693 1.69472 1.69472 1 1 0
2.7485 1.68776 1.68776 1 1 0
2.7301 1.68076 1.68076 1 1 0
2.7117 1.67373 1.67373 1 1 0
2.69333 1.66667 1.66667 1 1 0
2.67497 1.65958 1.65958 1 1 0
2.65662 1.65246 1.65246 1 1 0
2.63829 1.6453 1.6453 1 1 0
2.61998 1.63811 1.63811 1 1 0
2.60168 1.63088 1.63088 1 1 0
2.5834 1.62362 1.62362 1 1 0
2.56514 1.61633 1.61633 1 1 0
2.5469 1.609 1.609 1 1 0
2.52867 1.60164 1.60164 1 1 0
2.51046 1.59424 1.59424 1 1 0
2.49227 1.5868 1.5868 1 1 0
2.4741 1.57933 1.57933 1 1 0
2.45594 1.57183 1.57183 1 1 0
2.43781 1.56429 1.56429 1 1 0
2.41969 1.55671 1.55671 1 1 0
2.40159 1.54909 1.54909 1 1 0
2.38352 1.54144 1.54144 1 1 0
2.36546 1.53375 1.53375 1 1 0
2.34742 1.52602 1.52602 1 1 0
2.3294 1.51825 1.51825 1 1 0
2.31141 1.51045 1.51045 1 1 0
2.29343 1.50261 1.50261 1 1 0
2.27548 1.49472 1.49472 1 1 0
2.25755 1.4868 1.4868 1 1 0
2.23964 1.47884 1.47884 1 1 0
2.22175 1.47083 1.47083 1 1 0
2.20389 1.46279 1.46279 1 1 0
2.18605 1.45471 1.45471 1 1 0
2.16823 1.44658 1.44658 1 1 0
2.15043 1.43842 1.43842 1 1 0
2.13266 1.43021 1.43021 1 1 0
2.11492 1.42196 1.42196 1 1 0
2.0972 1.41366 1.41366 1 1 0
2.0795 1.40533 1.40533 1 1 0
2.06183 1.39695 1.39695 1 1 0
2.04419 1.38852 1.38852 1 1 0
2.02657 1.38005 1.38005 1 1 0
2.00898 1.37154 1.37154 1 1 0
1.99142 1.36299 1.36299 1 1 0
1.97388 1.35438 1.35438 1 1 0
1.95637 1.34574 1.34574 1 1 0
1.93889 1.33704 1.33704 1 1 0
1.92144 1.3283 1.3283 1 1 0
1.90402 1.31951 1.31951 1 1 0
1.88663 1.31068 1.31068 1 1 0
1.86927 1.3018 1.3018 1 1 0
1.85194 1.29287 1.29287 1 1 0
1.83464 1.28389 1.28389 1 1 0
1.81737 1.27487 1.27487 1 1 0
1.80014 1.26579 1.26579 1 1 0
1.78293 1.25667 1.25667 1 1 0
1.76577 1.24749 1.24749 1 1 0
1.74863 1.23827 1.23827 1 1 0
1.73153 1.22899 1.22899 1 1 0
1.71446 1.21966 1.21966 1 1 0
1.69743 1.21029 1.21029 1 1 0
1.68043 1.20086 1.20086 1 1 0
1.66348 1.19137 1.19137 1 1 0
1.64655 1.18184 1.18184 1 1 0
1.62967 1.17225 1.17225 1 1 0
1.61282 1.16261 1.16261 1 1 0
1.59602 1.15291 1.15291 1 1 0
1.57925 1.14316 1.14316 1 1 0
1.56252 1.13336 1.13336 1 1 0
1.54583 1.12349 1.12349 1 1 0
1.52919 1.11358 1.11358 1 1 0
1.51258 1.10361 1.10361 1 1 0
1.49602 1.09358 1.09358 1 1 0
1.4795 1.08349 1.08349 1 1 0
1.46303 1.07335 1.07335 1 1 0
1.4466 1.06315 1.06315 1 1 0
1.43022 1.05289 1.05289 1 1 0
1.41388 1.04257 1.04257 1 1 0
1.39759 1.03219 1.03219 1 1 0
1.38134 1.02176 1.02176 1 1 0
1.36515 1.01126 1.01126 1 1 0
1.349 1.0007 1.0007 1 1 0
1.3329 0.990086 0.990086 1 1 0
1.31686 0.979407 0.979407 1 1 0
1.30086 0.968667 0.968667 1 1 0
1.28492 0.957866 0.957866 1 1 0
1.26903 0.947002 0.947002 1 1 0
1.2532 0.936075 0.936075 1 1 0
1.23742 0.925085 0.925085 1 1 0
1.22169 0.914032 0.914032 1 1 0
1.20602 0.902915 0.902915 1 1 0
1.19041 0.891734 0.891734 1 1 0
1.17486 0.880488 0.880488 1 1 0
1.15936 0.869177 0.869177 1 1 0
1.14393 0.857801 0.857801 1 1 0
1.12855 0.846359 0.846359 1 1 0
1.11324 0.834852 0.834852 1 1 0
1.09799 0.823278 0.823278 1 1 0
1.0828 0.811637 0.811637 1 1 0
1.06768 0.79993 0.79993 1 1 0
1.05262 0.788155 0.788155 1 1 0
1.03763 0.776312 0.776312 1 1 0
1.02271 0.764402 0.764402 1 1 0
1.00786 0.752424 0.752424 1 1 0
0.99307 0.740377 0.740377 1 1 0
0.978355 0.728262 0.728262 1 1 0
0.963711 0.716077 0.716077 1 1 0
0.94914 0.703824 0.703824 1 1 0
0.934642 0.691501 0.691501 1 1 0
0.920218 0.679109 0.679109 1 1 0
0.905869 0.666647 0.666647 1 1 0
0.891597 0.654114 0.654114 1 1 0
0.877402 0.641512 0.641512 1 1 0
0.863286 0.628839 0.628839 1 1 0
0.849249 0.616096 0.616096 1 1 0
0.835293 0.603283 0.603283 1 1 0
0.821418 0.590399 0.590399 1 1 0
0.807626 0.577444 0.577444 1 1 0
0.793918 0.564418 0.564418 1 1 0
0.780294 0.551321 0.551321 1 1 0
0.766756 0.538153 0.538153 1 1 0
0.753304 0.524915 0.524915 1 1 0
0.739941 0.511605 0.511605 1 1 0
0.726666 0.498225 0.498225 1 1 0
0.713481 0.484773 0.484773 1 1 0
0.700387 0.471251 0.471251 1 1 0
0.687385 0.457658 0.457658 1 1 0
0.674476 0.443995 0.443995 1 1 0
0.661661 0.43026 0.43026 1 1 0
0.648941 0.416456 0.416456 1 1 0
0.648941 0.416456 0.416456 2 1 0
0.623789 0.388636 0.388636 1 1 0
0.61136 0.374621 0.374621 1 1 0
0.599029 0.360536 0.360536 1 1 0
0.586798 0.346382 0.346382 1 1 0
0.574668 0.332159 0.332159 1 1 0
0.56264 0.317867 0.317867 1 1 0
0.550713 0.303506 0.303506 1 1 0
0.538891 0.289077 0.289077 1 1 0
0.527172 0.274581 0.274581 1 1 0
0.515559 0.260016 0.260016 1 1 0
0.504051 0.245385 0.245385 1 1 0
0.492651 0.230687 0.230687 1 1 0
0.481357 0.215923 0.215923 1 1 0
0.470172 0.201093 0.201093 1 1 0
0.459096 0.186197 0.186197 1 1 0
0.44813 0.171237 0.171237 1 1 0
0.437274 0.156213 0.156213 1 1 0
0.426529 0.141125 0.141125 1 1 0
0.415896 0.125974 0.125974 1 1 0
0.405374 0.11076 0.11076 1 1 0
0.394966 0.0954842 0.0954842 1 1 0
0.384671 0.0801471 0.0801471 1 1 0
0.37449 0.0647494 0.0647494 1 1 0
0.364423 0.0492916 0.0492916 1 1 0
0.354472 0.0337744 0.0337744 1 1 0
0.344635 0.0181986 0.0181986 1 1 0
0.334914 0.00256489 0.00256489 1 1 0
0.333349 1.26375e-05 1.26375e-05 1 1 0
0.323755 -0.0156872 -0.0156872 2 1 0
0.314285 -0.0314438 -0.0314438 2 1 0
0.304932 -0.047256 -0.047256 2 1 0
0.295695 -0.0631231 -0.0631231 2 1 0
0.286576 -0.0790442 -0.0790442 2 1 0
0.277573 -0.0950186 -0.0950186 2 1 0
0.268688 -0.111045 -0.111045 2 1 0
0.259921 -0.127124 -0.127124 2 1 0
0.251271 -0.143253 -0.143253 2 1 0
0.242738 -0.159433 -0.159433 2 1 0
0.234324 -0.175661 -0.175661 2 1 0
0.226026 -0.191938 -0.191938 2 1 0
0.217846 -0.208262 -0.208262 2 1 0
0.209783 -0.224633 -0.224633 2 1 0
0.201838 -0.24105 -0.24105 2 1 0
0.194009 -0.257512 -0.257512 2 1 0
0.186298 -0.274017 -0.274017 2 1 0
0.178703 -0.290566 -0.290566 2 1 0
0.171224 -0.307157 -0.307157 2 1 0
0.163861 -0.32379 -0.32379 2 1 0
0.156613 -0.340463 -0.340463 2 1 0
0.149481 -0.357175 -0.357175 2 1 0
0.142464 -0.373927 -0.373927 2 1 0
0.135561 -0.390716 -0.390716 2 1 0
0.128772 -0.407542 -0.407542 2 1 0
0.122097 -0.424405 -0.424405 2 1 0
0.115534 -0.441303 -0.441303 2 1 0
0.109084 -0.458236 -0.458236 2 1 0
0.102746 -0.475202 -0.475202 2 1 0
0.0965182 -0.492202 -0.492202 2 1 0
0.0904014 -0.509233 -0.509233 2 1 0
0.0843945 -0.526296 -0.526296 2 1 0
0.0784967 -0.543389 -0.543389 2 1 0
0.0727074 -0.560511 -0.560511 2 1 0
0.0670259 -0.577663 -0.577663 2 1 0
0.0614515 -0.594843 -0.594843 2 1 0
0.0559832 -0.61205 -0.61205 2 1 0
0.0506205 -0.629283 -0.629283 2 1 0
0.0453624 -0.646542 -0.646542 2 1 0
0.0402081 -0.663827 -0.663827 2 1 0
0.0351568 -0.681136 -0.681136 2 1 0
0.0302076 -0.698468 -0.698468 2 1 0
0.0253597 -0.715823 -0.715823 2 1 0
0.0206123 -0.733201 -0.733201 2 1 0
0.0159644 -0.7506 -0.7506 2 1 0
0.011415 -0.76802 -0.76802 2 1 0
0.00696337 -0.78546 -0.78546 2 1 0
0.00260846 -0.802919 -0.802919 2 1 0
-0.00165063 -0.820398 -0.820398 2 1 0
0.333341 1.26375e-05 1.26375e-05 2 2 0
0.331341 -5.33752e-15 -5.33752e-15 2 2 0
0.329351 -7.27837e-09 -7.27837e-09 1 2 0
0.327361 -4.80329e-15 -4.80329e-15 1 2 0
0.325371 4.17485e-17 4.17485e-17 1 2 0
0.323381 1.12018e-28 1.12018e-28 1 2 0
0.321391 -4.31408e-32 -4.31408e-32 1 2 0
0.319401 -2.01787e-43 -2.01787e-43 1 2 0
0.31741 -3.12008e-46 -3.12008e-46 1 2 0
0.31542 -1.51344e-57 -1.51344e-57 1 2 0
0.31343 0 0 1 2 0
0.31144 -3.39588e-72 -3.39588e-72 1 2 0
0.30945 -1.70915e-86 -1.70915e-86 1 2 0
0.30746 -1.4578e-86 -1.4578e-86 1 2 0
0.30547 -7.85804e-101 -7.85804e-101 1 2 0
0.30348 2.85747e-101 2.85747e-101 1 2 0
0.30149 7.86762e-115 7.86762e-115 1 2 0
0.2995 -5.39313e-116 -5.39313e-116 1 2 0
0.29751 -2.70497e-129 -2.70497e-129 1 2 0
0.29552 9.01658e-131 9.01658e-131 1 2 0
0.29353 -5.766e-144 -5.766e-144 1 2 0
0.291539 -2.00208e-146 -2.00208e-146 1 2 0
0.289549 -2.2761e-159 -2.2761e-159 1 2 0
0.287559 -2.22276e-162 -2.22276e-162 1 2 0
0.285569 2.77968e-174 2.77968e-174 1 2 0
0.283579 4.93552e-177 4.93552e-177 1 2 0
0.281589 1.21198e-188 1.21198e-188 1 2 0
0.279599 5.26034e-192 5.26034e-192 1 2 0
0.277609 4.78425e-204 4.78425e-204 1 2 0
0.275619 5.45081e-207 5.45081e-207 1 2 0
0.273629 2.83285e-219 2.83285e-219 1 2 0
0.271639 -1.2449e-221 -1.2449e-221 1 2 0
0.269649 -3.14509e-234 -3.14509e-234 1 2 0
0.267659 -1.71997e-236 -1.71997e-236 1 2 0
0.265669 -5.58681e-249 -5.58681e-249 1 2 0
0.263678 -1.52764e-251 -1.52764e-251 1 2 0
0.261688 3.96966e-264 3.96966e-264 1 2 0
0.259698 -1.93831e-267 -1.93831e-267 1 2 0
0.257708 8.81443e-280 8.81443e-280 1 2 0
0.255718 -4.30392e-282 -4.30392e-282 1 2 0
0.253728 1.9572e-295 1.9572e-295 1 2 0
0.251738 3.05812e-297 3.05812e-297 1 2 0
0.249748 -2.39022e-310 -2.39022e-310 1 2 0
0.247758 -1.35808e-312 -1.35808e-312 1 2 0
0.245768 1.4822e-323 1.4822e-323 1 2 0
0.243778 -2.47033e-323 -2.47033e-323 1 2 0
0.241788 -4.94066e-324 -4.94066e-324 1 2 0
0.239798 1.4822e-323 1.4822e-323 1 2 0
0.237807 -2.47033e-323 -2.47033e-323 1 2 0
0.235817 -9.88131e-324 -9.88131e-324 1 2 0
0.233827 4.94066e-324 4.94066e-324 1 2 0
0.231837 1.97626e-323 1.97626e-323 1 2 0
0.229847 -1.97626e-323 -1.97626e-323 1 2 0
0.227857 -9.88131e-324 -9.88131e-324 1 2 0
0.225867 0 0 1 2 0
0.223877 9.88131e-324 9.88131e-324 1 2 0
0.221887 -2.96439e-323 -2.96439e-323 1 2 0
0.219897 -2.47033e-323 -2.47033e-323 1 2 0
0.217907 2.47033e-323 2.47033e-323 1 2 0
0.215917 2.96439e-323 2.96439e-323 1 2 0
0.213927 -9.88131e-324 -9.88131e-324 1 2 0
0.211937 -4.94066e-324 -4.94066e-324 1 2 0
0.209946 0 0 1 2 0
0.207956 4.94066e-324 4.94066e-324 1 2 0
0.205966 9.88131e-324 9.88131e-324 1 2 0
0.203976 1.4822e-323 1.4822e-323 1 2 0
0.201986 -1.97626e-323 -1.97626e-323 1 2 0
0.199996 1.97626e-323 1.97626e-323 1 2 0
0.198006 2.47033e-323 2.47033e-323 1 2 0
0.196016 -4.94066e-324 -4.94066e-324 1 2 0
0.194026 0 0 1 2 0
0.192036 4.94066e-324 4.94066e-324 1 2 0
0.190046 9.88131e-324 9.88131e-324 1 2 0
0.188056 1.4822e-323 1.4822e-323 1 2 0
0.186066 -9.88131e-324 -9.88131e-324 1 2 0
0.184075 -4.94066e-324 -4.94066e-324 1 2 0
0.182085 0 0 1 2 0
0.180095 4.94066e-324 4.94066e-324 1 2 0
0.178105 9.88131e-324 9.88131e-324 1 2 0
0.176115 1.4822e-323 1.4822e-323 1 2 0
0.174125 -9.88131e-324 -9.88131e-324 1 2 0
0.172135 -4.94066e-324 -4.94066e-324 1 2 0
0.170145 0 0 1 2 0
0.168155 4.94066e-324 4.94066e-324 1 2 0
0.166165 9.88131e-324 9.88131e-324 1 2 0
0.164175 1.4822e-323 1.4822e-323 1 2 0
0.162185 -4.94066e-324 -4.94066e-324 1 2 0
0.160195 0 0 1 2 0
0.158204 4.94066e-324 4.94066e-324 1 2 0
0.156214 9.88131e-324 9.88131e-324 1 2 0
0.154224 -9.88131e-324 -9.88131e-324 1 2 0
0.152234 -4.94066e-324 -4.94066e-324 1 2 0
0.150244 0 0 1 2 0
0.148254 -1.4822e-323 -1.4822e-323 1 2 0
0.146264 -9.88131e-324 -9.88131e-324 1 2 0
0.144274 1.4822e-323 1.4822e-323 1 2 0
0.142284 0 0 1 2 0
0.140294 4.94066e-324 4.94066e-324 1 2 0
0.138304 9.88131e-324 9.88131e-324 1 2 0
0.136314 -4.94066e-324 -4.94066e-324 1 2 0
0.134324 0 0 1 2 0
0.132334 -1.4822e-323 -1.4822e-323 1 2 0
0.130343 9.88131e-324 9.88131e-324 1 2 0
0.128353 0 0 1 2 0
0.126363 -9.88131e-324 -9.88131e-324 1 2 0
0.124373 0 0 1 2 0
0.122383 9.88131e-324 9.88131e-324 1 2 0
0.120393 4.94066e-324 4.94066e-324 1 2 0
0.118403 0 0 1 2 0
0.116413 9.88131e-324 9.88131e-324 1 2 0
0.114423 4.94066e-324 4.94066e-324 1 2 0
0.112433 0 0 1 2 0
0.110443 9.88131e-324 9.88131e-324 1 2 0
0.108453 -9.88131e-324 -9.88131e-324 1 2 0
0.106463 0 0 1 2 0
0.104472 -4.94066e-324 -4.94066e-324 1 2 0
0.102482 4.94066e-324 4.94066e-324 1 2 0
0.100492 0 0 1 2 0
0.0985023 -4.94066e-324 -4.94066e-324 1 2 0
0.0965122 -9.88131e-324 -9.88131e-324 1 2 0
0.0945221 0 0 1 2 0
0.092532 9.88131e-324 9.88131e-324 1 2 0
0.090542 4.94066e-324 4.94066e-324 1 2 0
0.0885519 0 0 1 2 0
0.0865618 -4.94066e-324 -4.94066e-324 1 2 0
0.0845717 -9.88131e-324 -9.88131e-324 1 2 0
0.0825817 -4.94066e-324 -4.94066e-324 1 2 0
0.0805916 0 0 1 2 0
0.0786015 4.94066e-324 4.94066e-324 1 2 0
0.0766114 0 0 1 2 0
0.0746214 -4.94066e-324 -4.94066e-324 1 2 0
0.0726313 0 0 1 2 0
0.0706412 4.94066e-324 4.94066e-324 1 2 0
0.0686511 0 0 1 2 0
0.0666611 -4.94066e-324 -4.94066e-324 1 2 0
0.064671 0 0 1 2 0
0.0626809 4.94066e-324 4.94066e-324 1 2 0
0.0606908 0 0 1 2 0
0.0587008 -4.94066e-324 -4.94066e-324 1 2 0
0.0567107 0 0 1 2 0
0.0547206 4.94066e-324 4.94066e-324 1 2 0
0.0527305 0 0 1 2 0
0.0507405 -4.94066e-324 -4.94066e-324 1 2 0
0.0487504 0 0 1 2 0
0.0467603 -4.94066e-324 -4.94066e-324 1 2 0
0.0447702 0 0 1 2 0
0.0427802 -4.94066e-324 -4.94066e-324 1 2 0
0.0407901 0 0 1 2 0
0.0388 -4.94066e-324 -4.94066e-324 1 2 0
0.0368099 0 0 1 2 0
0.0348199 -4.94066e-324 -4.94066e-324 1 2 0
0.0328298 -4.94066e-324 -4.94066e-324 1 2 0
0.0308397 0 0 1 2 0
0.0288496 0 0 1 2 0
0.0268596 0 0 1 2 0
0.0248695 0 0 1 2 0
0.0228794 0 0 1 2 0
0.0208893 0 0 1 2 0
0.0188993 0 0 1 2 0
0.0169092 0 0 1 2 0
0.0149191 0 0 1 2 0
0.012929 0 0 1 2 0
0.010939 0 0 1 2 0
0.0089489 0 0 1 2 0
0.00695882 0 0 1 2 0
0.00496875 0 0 1 2 0
0.00297868 0 0 1 2 0
0.000988601 0 0 1 2 0
-0.00100147 0 0 1 2 0
0.333341 1.26375e-05 1.26375e-05 2 2 0
0.335326 -3.9718e-15 -3.9718e-15 1 2 0
0.337316 -7.14797e-09 -7.14797e-09 2 2 0
0.339306 -4.5953e-15 -4.5953e-15 2 2 0
0.341296 -3.88181e-17 -3.88181e-17 2 2 0
0.343286 2.20881e-29 2.20881e-29 2 2 0
0.345276 -3.88267e-31 -3.88267e-31 2 2 0
0.347266 -2.60642e-43 -2.60642e-43 2 2 0
0.349256 7.31303e-45 7.31303e-45 2 2 0
0.351246 2.6286e-57 2.6286e-57 2 2 0
0.353236 -3.85827e-59 -3.85827e-59 2 2 0
0.355226 2.49031e-71 2.49031e-71 2 2 0
0.357217 -5.79245e-73 -5.79245e-73 2 2 0
0.359207 1.80969e-85 1.80969e-85 2 2 0
0.361197 3.77018e-87 3.77018e-87 2 2 0
0.363187 -1.71448e-100 -1.71448e-100 2 2 0
0.365177 1.42873e-101 1.42873e-101 2 2 0
0.367167 -1.42125e-114 -1.42125e-114 2 2 0
0.369157 1.26897e-116 1.26897e-116 2 2 0
0.371147 0 0 2 2 0
0.373137 -8.45304e-132 -8.45304e-132 2 2 0
0.375127 1.10115e-145 1.10115e-145 2 2 0
0.377117 -1.62669e-146 -1.62669e-146 2 2 0
0.379107 8.53539e-160 8.53539e-160 2 2 0
0.381097 2.44503e-161 2.44503e-161 2 2 0
0.383087 2.77968e-174 2.77968e-174 2 2 0
0.385078 -3.55357e-176 -3.55357e-176 2 2 0
0.387068 -4.48883e-189 -4.48883e-189 2 2 0
0.389058 -7.71517e-191 -7.71517e-191 2 2 0
0.391048 -1.75423e-203 -1.75423e-203 2 2 0
0.393038 -1.2459e-206 -1.2459e-206 2 2 0
0.395028 2.83285e-219 2.83285e-219 2 2 0
0.397018 1.38323e-221 1.38323e-221 2 2 0
0.399008 4.40313e-234 4.40313e-234 2 2 0
0.400998 4.42279e-236 4.42279e-236 2 2 0
0.402988 -2.17885e-248 -2.17885e-248 2 2 0
0.404978 -7.85645e-251 -7.85645e-251 2 2 0
0.406968 2.3818e-263 2.3818e-263 2 2 0
0.408958 2.17091e-265 2.17091e-265 2 2 0
0.410949 4.5835e-278 4.5835e-278 2 2 0
0.412939 -4.68266e-280 -4.68266e-280 2 2 0
0.414929 1.25261e-293 1.25261e-293 2 2 0
0.416919 3.91439e-295 3.91439e-295 2 2 0
0.418909 -1.94694e-308 -1.94694e-308 2 2 0
0.420899 -1.91217e-309 -1.91217e-309 2 2 0
0.422889 -2.47033e-323 -2.47033e-323 2 2 0
0.424879 -2.96439e-323 -2.96439e-323 2 2 0
0.426869 -3.45846e-323 -3.45846e-323 2 2 0
0.428859 -3.95253e-323 -3.95253e-323 2 2 0
0.430849 4.44659e-323 4.44659e-323 2 2 0
0.432839 -4.94066e-323 -4.94066e-323 2 2 0
0.434829 2.96439e-323 2.96439e-323 2 2 0
0.436819 -6.42285e-323 -6.42285e-323 2 2 0
0.43881 9.88131e-324 9.88131e-324 2 2 0
0.4408 0 0 2 2 0
0.44279 -9.88131e-324 -9.88131e-324 2 2 0
0.44478 -1.97626e-323 -1.97626e-323 2 2 0
0.44677 4.94066e-323 4.94066e-323 2 2 0
0.44876 3.95253e-323 3.95253e-323 2 2 0
0.45075 -4.94066e-323 -4.94066e-323 2 2 0
0.45274 -6.42285e-323 -6.42285e-323 2 2 0
0.45473 -4.94066e-324 -4.94066e-324 2 2 0
0.45672 5.43472e-323 5.43472e-323 2 2 0
0.45871 -3.45846e-323 -3.45846e-323 2 2 0
0.4607 1.97626e-323 1.97626e-323 2 2 0
0.46269 -6.91692e-323 -6.91692e-323 2 2 0
0.464681 5.43472e-323 5.43472e-323 2 2 0
0.466671 -2.96439e-323 -2.96439e-323 2 2 0
0.468661 2.47033e-323 2.47033e-323 2 2 0
0.470651 9.88131e-324 9.88131e-324 2 2 0
0.472641 -4.94066e-324 -4.94066e-324 2 2 0
0.474631 -1.97626e-323 -1.97626e-323 2 2 0
0.476621 -3.45846e-323 -3.45846e-323 2 2 0
0.478611 1.4822e-323 1.4822e-323 2 2 0
0.480601 0 0 2 2 0
0.482591 -1.4822e-323 -1.4822e-323 2 2 0
0.484581 3.45846e-323 3.45846e-323 2 2 0
0.486571 1.97626e-323 1.97626e-323 2 2 0
0.488561 4.94066e-324 4.94066e-324 2 2 0
0.490552 5.43472e-323 5.43472e-323 2 2 0
0.492542 4.44659e-323 4.44659e-323 2 2 0
0.494532 -2.47033e-323 -2.47033e-323 2 2 0
0.496522 2.47033e-323 2.47033e-323 2 2 0
0.498512 -4.44659e-323 -4.44659e-323 2 2 0
0.500502 4.94066e-324 4.94066e-324 2 2 0
0.502492 -4.94066e-324 -4.94066e-324 2 2 0
0.504482 -1.4822e-323 -1.4822e-323 2 2 0
0.506472 3.45846e-323 3.45846e-323 2 2 0
0.508462 2.47033e-323 2.47033e-323 2 2 0
0.510452 1.4822e-323 1.4822e-323 2 2 0
0.512442 4.94066e-324 4.94066e-324 2 2 0
0.514432 -4.94066e-324 -4.94066e-324 2 2 0
0.516422 -1.4822e-323 -1.4822e-323 2 2 0
0.518413 2.96439e-323 2.96439e-323 2 2 0
0.520403 -3.45846e-323 -3.45846e-323 2 2 0
0.522393 9.88131e-324 9.88131e-324 2 2 0
0.524383 0 0 2 2 0
0.526373 4.44659e-323 4.44659e-323 2 2 0
0.528363 3.45846e-323 3.45846e-323 2 2 0
0.530353 -2.96439e-323 -2.96439e-323 2 2 0
0.532343 9.88131e-324 9.88131e-324 2 2 0
0.534333 -4.94066e-324 -4.94066e-324 2 2 0
0.536323 -1.97626e-323 -1.97626e-323 2 2 0
0.538313 1.4822e-323 1.4822e-323 2 2 0
0.540303 0 0 2 2 0
0.542293 -1.4822e-323 -1.4822e-323 2 2 0
0.544284 1.97626e-323 1.97626e-323 2 2 0
0.546274 4.94066e-324 4.94066e-324 2 2 0
0.548264 -9.88131e-324 -9.88131e-324 2 2 0
0.550254 2.47033e-323 2.47033e-323 2 2 0
0.552244 9.88131e-324 9.88131e-324 2 2 0
0.554234 -4.94066e-324 -4.94066e-324 2 2 0
0.556224 -1.97626e-323 -1.97626e-323 2 2 0
0.558214 1.4822e-323 1.4822e-323 2 2 0
0.560204 0 0 2 2 0
0.562194 -1.4822e-323 -1.4822e-323 2 2 0
0.564184 1.97626e-323 1.97626e-323 2 2 0
0.566174 4.94066e-324 4.94066e-324 2 2 0
0.568164 3.45846e-323 3.45846e-323 2 2 0
0.570154 1.97626e-323 1.97626e-323 2 2 0
0.572145 4.94066e-324 4.94066e-324 2 2 0
0.574135 3.45846e-323 3.45846e-323 2 2 0
0.576125 1.97626e-323 1.97626e-323 2 2 0
0.578115 4.94066e-324 4.94066e-324 2 2 0
0.580105 -9.88131e-324 -9.88131e-324 2 2 0
0.582095 1.97626e-323 1.97626e-323 2 2 0
0.584085 4.94066e-324 4.94066e-324 2 2 0
0.586075 3.45846e-323 3.45846e-323 2 2 0
0.588065 -2.47033e-323 -2.47033e-323 2 2 0
0.590055 4.94066e-324 4.94066e-324 2 2 0
0.592045 -9.88131e-324 -9.88131e-324 2 2 0
0.594035 1.97626e-323 1.97626e-323 2 2 0
0.596025 4.94066e-324 4.94066e-324 2 2 0
0.598016 3.45846e-323 3.45846e-323 2 2 0
0.600006 -1.97626e-323 -1.97626e-323 2 2 0
0.601996 9.88131e-324 9.88131e-324 2 2 0
0.603986 -4.94066e-324 -4.94066e-324 2 2 0
0.605976 -1.97626e-323 -1.97626e-323 2 2 0
0.607966 9.88131e-324 9.88131e-324 2 2 0
0.609956 -4.94066e-324 -4.94066e-324 2 2 0
0.611946 -1.97626e-323 -1.97626e-323 2 2 0
0.613936 4.94066e-324 4.94066e-324 2 2 0
0.615926 -9.88131e-324 -9.88131e-324 2 2 0
0.617916 1.4822e-323 1.4822e-323 2 2 0
0.619906 0 0 2 2 0
0.621896 -1.4822e-323 -1.4822e-323 2 2 0
0.623887 9.88131e-324 9.88131e-324 2 2 0
0.625877 -4.94066e-324 -4.94066e-324 2 2 0
0.627867 -1.97626e-323 -1.97626e-323 2 2 0
0.629857 4.94066e-324 4.94066e-324 2 2 0
0.631847 -9.88131e-324 -9.88131e-324 2 2 0
0.633837 1.4822e-323 1.4822e-323 2 2 0
0.635827 0 0 2 2 0
0.637817 2.47033e-323 2.47033e-323 2 2 0
0.639807 9.88131e-324 9.88131e-324 2 2 0
0.641797 -4.94066e-324 -4.94066e-324 2 2 0
0.643787 -1.97626e-323 -1.97626e-323 2 2 0
0.645777 4.94066e-324 4.94066e-324 2 2 0
0.647767 -9.88131e-324 -9.88131e-324 2 2 0
0.649757 1.4822e-323 1.4822e-323 2 2 0
0.651748 0 0 2 2 0
0.653738 -1.4822e-323 -1.4822e-323 2 2 0
0.655728 9.88131e-324 9.88131e-324 2 2 0
0.657718 -4.94066e-324 -4.94066e-324 2 2 0
0.659708 -1.97626e-323 -1.97626e-323 2 2 0
0.661698 4.94066e-324 4.94066e-324 2 2 0
0.663688 -9.88131e-324 -9.88131e-324 2 2 0
0.665678 1.4822e-323 1.4822e-323 2 2 0
0.667668 0 0 2 2 0
0.669658 2.47033e-323 2.47033e-323 2 2 0
0.671648 9.88131e-324 9.88131e-324 2 2 0
0.673638 -4.94066e-324 -4.94066e-324 2 2 0
0.675628 -1.97626e-323 -1.97626e-323 2 2 0
0.677619 4.94066e-324 4.94066e-324 2 2 0
0.679609 -9.88131e-324 -9.88131e-324 2 2 0
0.681599 9.88131e-324 9.88131e-324 2 2 0
0.683589 -4.94066e-324 -4.94066e-324 2 2 0
0.685579 -1.97626e-323 -1.97626e-323 2 2 0
0.687569 0 0 2 2 0
0.689559 1.97626e-323 1.97626e-323 2 2 0
0.691549 4.94066e-324 4.94066e-324 2 2 0
0.693539 2.47033e-323 2.47033e-323 2 2 0
0.695529 9.88131e-324 9.88131e-324 2 2 0
0.697519 -4.94066e-324 -4.94066e-324 2 2 0
0.699509 -1.97626e-323 -1.97626e-323 2 2 0
0.701499 0 0 2 2 0
0.703489 1.97626e-323 1.97626e-323 2 2 0
0.70548 4.94066e-324 4.94066e-324 2 2 0
0.70747 2.47033e-323 2.47033e-323 2 2 0
0.70946 -2.47033e-323 -2.47033e-323 2 2 0
0.71145 -4.94066e-324 -4.94066e-324 2 2 0
0.71344 -1.97626e-323 -1.97626e-323 2 2 0
0.71543 0 0 2 2 0
0.71742 1.97626e-323 1.97626e-323 2 2 0
0.71941 4.94066e-324 4.94066e-324 2 2 0
0.7214 2.47033e-323 2.47033e-323 2 2 0
0.72339 -2.47033e-323 -2.47033e-323 2 2 0
0.72538 2.96439e-323 2.96439e-323 2 2 0
0.72737 1.4822e-323 1.4822e-323 2 2 0
0.72936 0 0 2 2 0
11.9466 3.4175 3.4175 2 1 0
11.9863 3.4218 3.4218 2 1 0
12.0062 3.42395 3.42395 2 1 0
12.026 3.4261 3.4261 2 1 0
12.0459 3.42824 3.42824 2 1 0
12.0657 3.43038 3.43038 2 1 0
12.0856 3.43252 3.43252 2 1 0
12.1055 3.43465 3.43465 2 1 0
12.1253 3.43678 3.43678 2 1 0
12.1452 3.43891 3.43891 2 1 0
12.165 3.44104 3.44104 2 1 0
12.1849 3.44316 3.44316 2 1 0
12.2048 3.44528 3.44528 2 1 0
12.2246 3.44739 3.44739 2 1 0
12.2445 3.4495 3.4495 2 1 0
12.2643 3.45161 3.45161 2 1 0
12.2842 3.45372 3.45372 2 1 0
12.3041 3.45582 3.45582 2 1 0
12.3239 3.45792 3.45792 2 1 0
12.3438 3.46002 3.46002 2 1 0
12.3636 3.46211 3.46211 2 1 0
12.3835 3.46421 3.46421 2 1 0
12.4034 3.46629 3.46629 2 1 0
12.4232 3.46838 3.46838 2 1 0
12.4431 3.47046 3.47046 2 1 0
12.463 3.47254 3.47254 2 1 0
12.4828 3.47462 3.47462 2 1 0
12.5027 3.47669 3.47669 2 1 0
12.5226 3.47876 3.47876 2 1 0
12.5424 3.48083 3.48083 2 1 0
12.5623 3.4829 3.4829 2 1 0
12.5822 3.48496 3.48496 2 1 0
12.602 3.48702 3.48702 2 1 0
12.6219 3.48908 3.48908 2 1 0
12.6418 3.49113 3.49113 2 1 0
12.6616 3.49318 3.49318 2 1 0
12.6815 3.49523 3.49523 2 1 0
12.7014 3.49728 3.49728 2 1 0
12.7212 3.49932 3.49932 2 1 0
12.7411 3.50136 3.50136 2 1 0
12.761 3.5034 3.5034 2 1 0
12.7808 3.50543 3.50543 2 1 0
12.8007 3.50746 3.50746 2 1 0
12.8206 3.50949 3.50949 2 1 0
12.8405 3.51152 3.51152 2 1 0
12.8603 3.51354 3.51354 2 1 0
12.8802 3.51556 3.51556 2 1 0
12.9001 3.51758 3.51758 2 1 0
12.9199 3.51959 3.51959 2 1 0
12.9398 3.5216 3.5216 2 1 0
12.9597 3.52361 3.52361 2 1 0
12.9796 3.52562 3.52562 2 1 0
12.9994 3.52762 3.52762 2 1 0
13.0193 3.52963 3.52963 2 1 0
13.0392 3.53162 3.53162 2 1 0
13.0591 3.53362 3.53362 2 1 0
13.0789 3.53561 3.53561 2 1 0
13.0988 3.5376 3.5376 2 1 0
13.1187 3.53959 3.53959 2 1 0
13.1386 3.54158 3.54158 2 1 0
13.1584 3.54356 3.54356 2 1 0
13.1783 3.54554 3.54554 2 1 0
13.1982 3.54752 3.54752 2 1 0
13.2181 3.54949 3.54949 2 1 0
13.238 3.55147 3.55147 2 1 0
13.2578 3.55343 3.55343 2 1 0
13.2777 3.5554 3.5554 2 1 0
13.2976 3.55737 3.55737 2 1 0
13.3175 3.55933 3.55933 2 1 0
13.3373 3.56129 3.56129 2 1 0
13.3572 3.56324 3.56324 2 1 0
13.3771 3.5652 3.5652 2 1 0
13.397 3.56715 3.56715 2 1 0
13.4169 3.5691 3.5691 2 1 0
13.4367 3.57104 3.57104 2 1 0
13.4566 3.57299 3.57299 2 1 0
13.4765 3.57493 3.57493 2 1 0
13.4964 3.57687 3.57687 2 1 0
13.5163 3.57881 3.57881 2 1 0
13.5362 3.58074 3.58074 2 1 0
13.556 3.58267 3.58267 2 1 0
13.5759 3.5846 3.5846 2 1 0
13.5958 3.58653 3.58653 2 1 0
13.6157 3.58845 3.58845 2 1 0
13.6356 3.59037 3.59037 2 1 0
13.6555 3.59229 3.59229 2 1 0
13.6753 3.59421 3.59421 2 1 0
13.6952 3.59612 3.59612 2 1 0
13.7151 3.59803 3.59803 2 1 0
13.735 3.59994 3.59994 2 1 0
13.7549 3.60185 3.60185 2 1 0
13.7748 3.60375 3.60375 2 1 0
13.7947 3.60565 3.60565 2 1 0
13.8146 3.60755 3.60755 2 1 0
13.8344 3.60945 3.60945 2 1 0
13.8543 3.61134 3.61134 2 1 0
13.8742 3.61324 3.61324 2 1 0
13.8941 3.61512 3.61512 2 1 0
13.914 3.61701 3.61701 2 1 0
13.9339 3.6189 3.6189 2 1 0
13.9538 3.62078 3.62078 2 1 0
13.9737 3.62266 3.62266 2 1 0
13.9935 3.62454 3.62454 2 1 0
14.0134 3.62641 3.62641 2 1 0
14.0333 3.62829 3.62829 2 1 0
14.0532 3.63016 3.63016 2 1 0
14.0731 3.63202 3.63202 2 1 0
14.093 3.63389 3.63389 2 1 0
14.1129 3.63575 3.63575 2 1 0
14.1328 3.63762 3.63762 2 1 0
14.1527 3.63947 3.63947 2 1 0
14.1726 3.64133 3.64133 2 1 0
14.1925 3.64319 3.64319 2 1 0
14.2123 3.64504 3.64504 2 1 0
14.2322 3.64689 3.64689 2 1 0
14.2521 3.64874 3.64874 2 1 0
14.272 3.65058 3.65058 2 1 0
14.2919 3.65242 3.65242 2 1 0
14.3118 3.65426 3.65426 2 1 0
14.3317 3.6561 3.6561 2 1 0
14.3516 3.65794 3.65794 2 1 0
14.3715 3.65977 3.65977 2 1 0
14.3914 3.6616 3.6616 2 1 0
14.4113 3.66343 3.66343 2 1 0
14.4312 3.66526 3.66526 2 1 0
14.4511 3.66709 3.66709 2 1 0
14.471 3.66891 3.66891 2 1 0
14.4909 3.67073 3.67073 2 1 0
14.5108 3.67255 3.67255 2 1 0
14.5307 3.67436 3.67436 2 1 0
14.5506 3.67618 3.67618 2 1 0
14.5705 3.67799 3.67799 2 1 0
14.5904 3.6798 3.6798 2 1 0
14.6103 3.68161 3.68161 2 1 0
14.6302 3.68341 3.68341 2 1 0
14.65 3.68521 3.68521 2 1 0
14.6699 3.68701 3.68701 2 1 0
14.6898 3.68881 3.68881 2 1 0
14.7097 3.69061 3.69061 2 1 0
14.7296 3.6924 3.6924 2 1 0
14.7495 3.6942 3.6942 2 1 0
14.7694 3.69599 3.69599 2 1 0
14.7893 3.69777 3.69777 2 1 0
14.8092 3.69956 3.69956 2 1 0
14.8291 3.70134 3.70134 2 1 0
14.849 3.70312 3.70312 2 1 0
14.8689 3.7049 3.7049 2 1 0
14.8888 3.70668 3.70668 2 1 0
14.9087 3.70846 3.70846 2 1 0
14.9286 3.71023 3.71023 2 1 0
14.9486 3.712 3.712 2 1 0
14.9685 3.71377 3.71377 2 1 0
14.9884 3.71554 3.71554 2 1 0
15.0083 3.7173 3.7173 2 1 0
9.75505 4.61143 2.12497 4 2 0
9.76737 4.62139 2.12233 3 2 0
9.77971 4.63133 2.11972 3 2 0
9.7921 4.64143 2.11698 3 2 0
9.80452 4.65137 2.11441 3 2 0
9.81697 4.6613 2.11187 3 2 0
9.82946 4.67122 2.10926 3 2 0
9.84199 4.68113 2.10676 3 2 0
9.85455 4.69101 2.10429 3 2 0
9.86714 4.70088 2.10178 3 2 0
9.87977 4.71075 2.09935 3 2 0
9.89243 4.7206 2.09695 3 2 0
9.90512 4.7304 2.0945 3 2 0
9.91785 4.74023 2.09214 3 2 0
9.93061 4.75004 2.08981 3 2 0
9.9434 4.75976 2.08741 3 2 0
9.95622 4.76956 2.08512 3 2 0
9.96908 4.77934 2.08285 3 2 0
9.98196 4.78897 2.08052 3 2 0
9.99488 4.79874 2.07829 3 2 0
10.0078 4.80849 2.07608 3 2 0
10.0208 4.81802 2.07382 3 2 0
10.0338 4.82775 2.07165 3 2 0
10.0469 4.83748 2.06951 3 2 0
10.0599 4.84685 2.06731 3 2 0
10.073 4.85656 2.06521 3 2 0
10.0862 4.86626 2.06312 3 2 0
10.0993 4.8754 2.06099 3 2 0
10.1125 4.88509 2.05895 3 2 0
10.1258 4.89476 2.05692 3 2 0
10.139 4.90387 2.05489 3 2 0
10.1523 4.91336 2.0529 3 2 0
10.1656 4.92282 2.05093 3 2 0
10.1789 4.93287 2.04876 3 2 0
10.1923 4.94248 2.04683 3 2 0
10.2057 4.95207 2.04491 3 2 0
10.2191 4.96201 2.04283 3 2 0
10.2325 4.97155 2.04094 3 2 0
10.246 4.98108 2.03907 3 2 0
10.2595 4.99052 2.03712 3 2 0
10.273 5.00003 2.03528 3 2 0
10.2866 5.00952 2.03347 3 2 0
10.3002 5.01883 2.03159 3 2 0
10.3138 5.0283 2.0298 3 2 0
10.3274 5.03775 2.02803 3 2 0
10.3411 5.04697 2.02619 3 2 0
10.3548 5.05641 2.02446 3 2 0
10.3685 5.06583 2.02274 3 2 0
10.3822 5.07496 2.02094 3 2 0
10.396 5.08437 2.01925 3 2 0
10.4097 5.09376 2.01758 3 2 0
10.4236 5.10278 2.01584 3 2 0
10.4374 5.11215 2.01419 3 2 0
10.4512 5.12152 2.01257 3 2 0
10.4651 5.13042 2.01087 3 2 0
10.479 5.13977 2.00927 3 2 0
10.493 5.14911 2.00769 3 2 0
10.5069 5.15787 2.00604 3 2 0
10.5209 5.16719 2.00448 3 2 0
10.5349 5.1765 2.00294 3 2 0
10.5489 5.18553 2.00133 3 2 0
10.563 5.19465 1.99982 3 2 0
10.577 5.20377 1.99832 3 2 0
10.5911 5.21402 1.99684 3 2 0
10.6052 5.22313 1.99538 3 2 0
10.6194 5.23223 1.99392 3 2 0
10.6335 5.24188 1.99205 3 2 0
10.6477 5.25105 1.99062 3 2 0
10.6619 5.26021 1.98919 3 2 0
10.6762 5.26938 1.98748 3 2 0
10.6904 5.27846 1.98607 3 2 0
10.7047 5.28752 1.98468 3 2 0
10.719 5.29621 1.98321 3 2 0
10.7333 5.30523 1.98184 3 2 0
10.7476 5.31423 1.98048 3 2 0
10.762 5.32306 1.97906 3 2 0
10.7763 5.33203 1.97773 3 2 0
10.7907 5.34098 1.97641 3 2 0
10.8051 5.34994 1.97502 3 2 0
10.8196 5.35887 1.97372 3 2 0
10.834 5.36779 1.97243 3 2 0
10.8485 5.37676 1.97107 3 2 0
10.863 5.38565 1.9698 3 2 0
10.8775 5.39453 1.96855 3 2 0
10.8921 5.4035 1.96722 3 2 0
10.9066 5.41236 1.96599 3 2 0
10.9212 5.4212 1.96477 3 2 0
10.9358 5.43017 1.96347 3 2 0
10.9504 5.43899 1.96227 3 2 0
10.965 5.44779 1.96108 3 2 0
10.9797 5.45675 1.95982 3 2 0
10.9943 5.46554 1.95865 3 2 0
11.009 5.47431 1.95749 3 2 0
11.0237 5.48327 1.95626 3 2 0
11.0385 5.49202 1.95512 3 2 0
11.0532 5.50076 1.954 3 2 0
11.068 5.50972 1.9528 3 2 0
11.0827 5.51844 1.95169 3 2 0
11.0975 5.52714 1.95059 3 2 0
11.1124 5.5361 1.94942 3 2 0
11.1272 5.54479 1.94834 3 2 0
11.142 5.55347 1.94726 3 2 0
11.1569 5.56244 1.94613 3 2 0
11.1718 5.5711 1.94507 3 2 0
11.1867 5.57975 1.94403 3 2 0
11.2016 5.58873 1.94292 3 2 0
11.2165 5.59737 1.94189 3 2 0
11.2315 5.60599 1.94087 3 2 0
11.2465 5.61499 1.93979 3 2 0
11.2614 5.6236 1.93879 3 2 0
11.2764 5.6322 1.9378 3 2 0
11.2915 5.64123 1.93674 3 2 0
11.3065 5.64981 1.93577 3 2 0
11.3215 5.65839 1.9348 3 2 0
11.3366 5.66744 1.93377 3 2 0
11.3517 5.676 1.93282 3 2 0
11.3668 5.68455 1.93187 3 2 0
11.3819 5.6936 1.93088 3 2 0
11.397 5.70214 1.92994 3 2 0
11.4122 5.71067 1.92902 3 2 0
11.4273 5.71966 1.92806 3 2 0
11.4425 5.72819 1.92714 3 2 0
11.4577 5.7367 1.92624 3 2 0
11.4729 5.74569 1.92534 3 2 0
11.4881 5.7542 1.92444 3 2 0
11.5034 5.76271 1.92356 3 2 0
11.5186 5.76981 1.92288 3 2 0
11.5339 5.77825 1.92199 3 2 0
11.5492 5.78667 1.92112 3 2 0
11.5645 5.79708 1.92013 3 2 0
11.5798 5.80558 1.91927 3 2 0
11.5951 5.81407 1.91843 3 2 0
11.6104 5.82168 1.91759 3 2 0
11.6258 5.83009 1.91677 3 2 0
11.6412 5.83849 1.91595 3 2 0
11.6566 5.84634 1.91532 3 2 0
11.6719 5.8547 1.91454 3 2 0
11.6874 5.86304 1.91376 3 2 0
11.7028 5.87276 1.91305 3 2 0
11.7182 5.88113 1.91229 3 2 0
11.7337 5.88949 1.91154 3 2 0
11.7491 5.89837 1.91065 3 2 0
11.7646 5.90674 1.90991 3 2 0
11.7801 5.9151 1.90917 3 2 0
11.7956 5.92349 1.90841 3 2 0
11.8111 5.93183 1.90769 3 2 0
11.8267 5.94017 1.90697 3 2 0
11.8422 5.9485 1.90631 3 2 0
11.8578 5.95681 1.90562 3 2 0
11.8733 5.96511 1.90492 3 2 0
11.8889 5.97345 1.90426 3 2 0
11.9045 5.98174 1.90358 3 2 0
11.9201 5.99002 1.90291 3 2 0
11.9357 5.99834 1.90224 3 2 0
11.9514 6.0066 1.90159 3 2 0
11.967 6.01485 1.90093 3 2 0
11.9827 6.02315 1.90029 3 2 0
11.9983 6.03138 1.89965 3 2 0
12.014 6.03961 1.89902 3 2 0
12.0297 6.04787 1.89839 3 2 0
12.0454 6.05607 1.89777 3 2 0
12.0612 6.06427 1.89716 3 2 0
12.0769 6.07251 1.89655 3 2 0
12.0926 6.08069 1.89595 3 2 0
12.1084 6.08886 1.89535 3 2 0
12.1241 6.09707 1.89476 3 2 0
12.1399 6.10523 1.89418 3 2 0
12.1557 6.11337 1.8936 3 2 0
12.1715 6.12156 1.89302 3 2 0
12.1873 6.12969 1.89246 3 2 0
12.2032 6.13781 1.8919 3 2 0
12.219 6.14597 1.89134 3 2 0
12.2348 6.15407 1.89079 3 2 0
12.2507 6.16217 1.89025 3 2 0
12.2666 6.1703 1.8897 3 2 0
12.2824 6.17838 1.88917 3 2 0
12.2983 6.18645 1.88864 3 2 0
12.3142 6.19456 1.88811 3 2 0
12.3301 6.20261 1.8876 3 2 0
12.3461 6.21066 1.88709 3 2 0
12.362 6.21875 1.88657 3 2 0
12.3779 6.22678 1.88607 3 2 0
12.3939 6.2348 1.88558 3 2 0
12.4099 6.24286 1.88508 3 2 0
12.4258 6.25087 1.8846 3 2 0
12.4418 6.25886 1.88412 3 2 0
12.4578 6.2669 1.88363 3 2 0
12.4738 6.27488 1.88317 3 2 0
12.4899 6.28285 1.8827 3 2 0
12.5059 6.29088 1.88223 3 2 0
12.5219 6.29883 1.88178 3 2 0
12.538 6.30678 1.8813 3 2 0
12.554 6.31478 1.88079 3 2 0
12.5701 6.32271 1.88027 3 2 0
12.5862 6.33063 1.87976 3 2 0
12.6023 6.33861 1.87927 3 2 0
12.6184 6.34652 1.87877 3 2 0
12.6345 6.35442 1.87827 3 2 0
12.6506 6.36238 1.87779 3 2 0
12.6667 6.37026 1.8773 3 2 0
