14.28 0.0260727 0.0260727 2 1 0
14.3161 0.0260862 0.0260862 1 1 0
14.3361 0.0260926 0.0260926 1 1 0
14.3561 0.026099 0.026099 1 1 0
14.376 0.0261054 0.0261054 1 1 0
14.396 0.0261118 0.0261118 1 1 0
14.416 0.0261181 0.0261181 1 1 0
14.4359 0.0261245 0.0261245 1 1 0
14.4559 0.0261308 0.0261308 1 1 0
14.4759 0.0261372 0.0261372 1 1 0
14.4959 0.0261435 0.0261435 1 1 0
14.5158 0.0261498 0.0261498 1 1 0
14.5358 0.0261561 0.0261561 1 1 0
14.5558 0.0261624 0.0261624 1 1 0
14.5757 0.0261687 0.0261687 1 1 0
14.5957 0.026175 0.026175 1 1 0
14.6157 0.0261813 0.0261813 1 1 0
14.6356 0.0261875 0.0261875 1 1 0
14.6556 0.0261938 0.0261938 1 1 0
14.6756 0.0262001 0.0262001 1 1 0
14.6955 0.0262063 0.0262063 1 1 0
14.7155 0.0262125 0.0262125 1 1 0
14.7355 0.0262188 0.0262188 1 1 0
14.7554 0.026225 0.026225 1 1 0
14.7754 0.0262312 0.0262312 1 1 0
14.7954 0.0262374 0.0262374 1 1 0
14.8153 0.0262436 0.0262436 1 1 0
14.8353 0.0262498 0.0262498 1 1 0
14.8553 0.026256 0.026256 1 1 0
14.8752 0.0262621 0.0262621 1 1 0
14.8952 0.0262683 0.0262683 1 1 0
14.9152 0.0262745 0.0262745 1 1 0
14.9352 0.0262806 0.0262806 1 1 0
14.9551 0.0262868 0.0262868 1 1 0
14.9751 0.0262929 0.0262929 1 1 0
14.9951 0.026299 0.026299 1 1 0
15.015 0.0263051 0.0263051 1 1 0
15.035 0.0263112 0.0263112 1 1 0
15.055 0.0263173 0.0263173 1 1 0
15.0749 0.0263234 0.0263234 1 1 0
15.0949 0.0263295 0.0263295 1 1 0
15.1149 0.0263356 0.0263356 1 1 0
15.1349 0.0263417 0.0263417 1 1 0
15.1548 0.0263477 0.0263477 1 1 0
15.1748 0.0263538 0.0263538 1 1 0
15.1948 0.0263598 0.0263598 1 1 0
15.2147 0.0263659 0.0263659 1 1 0
15.2347 0.0263719 0.0263719 1 1 0
15.2547 0.0263779 0.0263779 1 1 0
15.2746 0.0263839 0.0263839 1 1 0
15.2946 0.0263899 0.0263899 1 1 0
15.3146 0.0263959 0.0263959 1 1 0
15.3346 0.0264019 0.0264019 1 1 0
15.3545 0.0264079 0.0264079 1 1 0
15.3745 0.0264139 0.0264139 1 1 0
15.3945 0.0264199 0.0264199 1 1 0
15.4144 0.0264258 0.0264258 1 1 0
15.4344 0.0264318 0.0264318 1 1 0
15.4544 0.0264377 0.0264377 1 1 0
15.4744 0.0264437 0.0264437 1 1 0
15.4943 0.0264496 0.0264496 1 1 0
15.5143 0.0264555 0.0264555 1 1 0
15.5343 0.0264615 0.0264615 1 1 0
15.5542 0.0264674 0.0264674 1 1 0
15.5742 0.0264733 0.0264733 1 1 0
15.5942 0.0264792 0.0264792 1 1 0
15.6142 0.0264851 0.0264851 1 1 0
15.6341 0.0264909 0.0264909 1 1 0
15.6541 0.0264968 0.0264968 1 1 0
15.6741 0.0265027 0.0265027 1 1 0
15.694 0.0265085 0.0265085 1 1 0
15.714 0.0265144 0.0265144 1 1 0
15.734 0.0265202 0.0265202 1 1 0
15.754 0.0265261 0.0265261 1 1 0
15.7739 0.0265319 0.0265319 1 1 0
15.7939 0.0265377 0.0265377 1 1 0
15.8139 0.0265435 0.0265435 1 1 0
15.8339 0.0265494 0.0265494 1 1 0
15.8538 0.0265552 0.0265552 1 1 0
15.8738 0.0265609 0.0265609 1 1 0
15.8938 0.0265667 0.0265667 1 1 0
15.9137 0.0265725 0.0265725 1 1 0
15.9337 0.0265783 0.0265783 1 1 0
15.9537 0.0265841 0.0265841 1 1 0
15.9737 0.0265898 0.0265898 1 1 0
15.9936 0.0265956 0.0265956 1 1 0
16.0136 0.0266013 0.0266013 1 1 0
16.0336 0.0266071 0.0266071 1 1 0
16.0536 0.0266128 0.0266128 1 1 0
16.0735 0.0266185 0.0266185 1 1 0
16.0935 0.0266242 0.0266242 1 1 0
16.1135 0.0266299 0.0266299 1 1 0
16.1335 0.0266357 0.0266357 1 1 0
16.1534 0.0266414 0.0266414 1 1 0
16.1734 0.026647 0.026647 1 1 0
16.1934 0.0266527 0.0266527 1 1 0
16.2133 0.0266584 0.0266584 1 1 0
16.2333 0.0266641 0.0266641 1 1 0
16.2533 0.0266697 0.0266697 1 1 0
16.2733 0.0266754 0.0266754 1 1 0
16.2932 0.026681 0.026681 1 1 0
16.3132 0.0266867 0.0266867 1 1 0
16.3332 0.0266923 0.0266923 1 1 0
16.3532 0.026698 0.026698 1 1 0
16.3731 0.0267036 0.0267036 1 1 0
16.3931 0.0267092 0.0267092 1 1 0
16.4131 0.0267148 0.0267148 1 1 0
16.4331 0.0267204 0.0267204 1 1 0
16.453 0.026726 0.026726 1 1 0
16.473 0.0267316 0.0267316 1 1 0
16.493 0.0267372 0.0267372 1 1 0
16.513 0.0267428 0.0267428 1 1 0
16.5329 0.0267483 0.0267483 1 1 0
16.5529 0.0267539 0.0267539 1 1 0
16.5729 0.0267595 0.0267595 1 1 0
16.5929 0.026765 0.026765 1 1 0
16.6128 0.0267706 0.0267706 1 1 0
16.6328 0.0267761 0.0267761 1 1 0
16.6528 0.0267816 0.0267816 1 1 0
16.6728 0.0267871 0.0267871 1 1 0
16.6927 0.0267927 0.0267927 1 1 0
16.7127 0.0267982 0.0267982 1 1 0
16.7327 0.0268037 0.0268037 1 1 0
16.7527 0.0268092 0.0268092 1 1 0
16.7726 0.0268147 0.0268147 1 1 0
16.7926 0.0268202 0.0268202 1 1 0
16.8126 0.0268257 0.0268257 1 1 0
16.8326 0.0268311 0.0268311 1 1 0
16.8525 0.0268366 0.0268366 1 1 0
16.8725 0.0268421 0.0268421 1 1 0
16.8925 0.0268475 0.0268475 1 1 0
16.9125 0.026853 0.026853 1 1 0
16.9324 0.0268584 0.0268584 1 1 0
16.9524 0.0268638 0.0268638 1 1 0
16.9724 0.0268693 0.0268693 1 1 0
16.9924 0.0268747 0.0268747 1 1 0
17.0124 0.0268801 0.0268801 1 1 0
17.0323 0.0268855 0.0268855 1 1 0
17.0523 0.0268909 0.0268909 1 1 0
17.0723 0.0268963 0.0268963 1 1 0
17.0923 0.0269017 0.0269017 1 1 0
17.1122 0.0269071 0.0269071 1 1 0
17.1322 0.0269125 0.0269125 1 1 0
17.1522 0.0269179 0.0269179 1 1 0
17.1722 0.0269232 0.0269232 1 1 0
17.1921 0.0269286 0.0269286 1 1 0
17.2121 0.026934 0.026934 1 1 0
17.2321 0.0269393 0.0269393 1 1 0
17.2521 0.0269447 0.0269447 1 1 0
17.272 0.02695 0.02695 1 1 0
17.292 0.0269553 0.0269553 1 1 0
17.312 0.0269607 0.0269607 1 1 0
17.332 0.026966 0.026966 1 1 0
17.352 0.0269713 0.0269713 1 1 0
17.3719 0.0269766 0.0269766 1 1 0
17.3919 0.0269819 0.0269819 1 1 0
17.4119 0.0269872 0.0269872 1 1 0
17.4319 0.0269925 0.0269925 1 1 0
17.4518 0.0269978 0.0269978 1 1 0
17.4718 0.0270031 0.0270031 1 1 0
17.4918 0.0270083 0.0270083 1 1 0
17.5118 0.0270136 0.0270136 1 1 0
17.5318 0.0270189 0.0270189 1 1 0
17.5517 0.0270241 0.0270241 1 1 0
17.5717 0.0270294 0.0270294 1 1 0
17.5917 0.0270346 0.0270346 1 1 0
17.6117 0.0270399 0.0270399 1 1 0
17.6316 0.0270451 0.0270451 1 1 0
17.6516 0.0270503 0.0270503 1 1 0
17.6716 0.0270556 0.0270556 1 1 0
17.6916 0.0270608 0.0270608 1 1 0
17.7116 0.027066 0.027066 1 1 0
17.7315 0.0270712 0.0270712 1 1 0
17.7515 0.0270764 0.0270764 1 1 0
17.7715 0.0270816 0.0270816 1 1 0
17.7915 0.0270868 0.0270868 1 1 0
17.8114 0.027092 0.027092 1 1 0
17.8314 0.0270971 0.0270971 1 1 0
17.8514 0.0271023 0.0271023 1 1 0
17.8714 0.0271075 0.0271075 1 1 0
17.8914 0.0271126 0.0271126 1 1 0
17.9113 0.0271178 0.0271178 1 1 0
17.9313 0.0271229 0.0271229 1 1 0
17.9513 0.0271281 0.0271281 1 1 0
17.9713 0.0271332 0.0271332 1 1 0
17.9912 0.0271383 0.0271383 1 1 0
18.0112 0.0271435 0.0271435 1 1 0
18.0312 0.0271486 0.0271486 1 1 0
18.0512 0.0271537 0.0271537 1 1 0
18.0712 0.0271588 0.0271588 1 1 0
18.0911 0.0271639 0.0271639 1 1 0
18.1111 0.027169 0.027169 1 1 0
18.1311 0.0271741 0.0271741 1 1 0
18.1511 0.0271792 0.0271792 1 1 0
18.1711 0.0271843 0.0271843 1 1 0
18.191 0.0271894 0.0271894 1 1 0
18.211 0.0271944 0.0271944 1 1 0
18.231 0.0271995 0.0271995 1 1 0
18.251 0.0272046 0.0272046 1 1 0
18.271 0.0272096 0.0272096 1 1 0
18.271 0.0272096 0.0272096 2 1 0
18.3109 0.0272197 0.0272197 1 1 0
18.3309 0.0272248 0.0272248 1 1 0
18.3509 0.0272298 0.0272298 1 1 0
18.3709 0.0272348 0.0272348 1 1 0
18.3908 0.0272398 0.0272398 1 1 0
18.4108 0.0272449 0.0272449 1 1 0
18.4308 0.0272499 0.0272499 1 1 0
18.4508 0.0272549 0.0272549 1 1 0
18.4708 0.0272599 0.0272599 1 1 0
18.4907 0.0272649 0.0272649 1 1 0
18.5107 0.0272699 0.0272699 1 1 0
18.5307 0.0272749 0.0272749 1 1 0
18.5507 0.0272798 0.0272798 1 1 0
18.5706 0.0272848 0.0272848 1 1 0
18.5906 0.0272898 0.0272898 1 1 0
18.6106 0.0272948 0.0272948 1 1 0
18.6306 0.0272997 0.0272997 1 1 0
18.6506 0.0273047 0.0273047 1 1 0
18.6706 0.0273096 0.0273096 1 1 0
18.6905 0.0273146 0.0273146 1 1 0
18.7105 0.0273195 0.0273195 1 1 0
18.7305 0.0273244 0.0273244 1 1 0
18.7505 0.0273294 0.0273294 1 1 0
18.7705 0.0273343 0.0273343 1 1 0
18.7904 0.0273392 0.0273392 1 1 0
18.8104 0.0273441 0.0273441 1 1 0
18.8304 0.027349 0.027349 1 1 0
18.8504 0.0273539 0.0273539 1 1 0
18.8704 0.0273588 0.0273588 1 1 0
18.8903 0.0273637 0.0273637 1 1 0
18.9103 0.0273686 0.0273686 1 1 0
18.9303 0.0273735 0.0273735 1 1 0
18.9503 0.0273784 0.0273784 1 1 0
18.9703 0.0273833 0.0273833 1 1 0
18.9902 0.0273881 0.0273881 1 1 0
19.0102 0.027393 0.027393 1 1 0
19.0302 0.0273979 0.0273979 1 1 0
19.0502 0.0274027 0.0274027 1 1 0
19.0702 0.0274076 0.0274076 1 1 0
19.0901 0.0274124 0.0274124 1 1 0
19.1101 0.0274173 0.0274173 1 1 0
19.1301 0.0274221 0.0274221 1 1 0
19.1501 0.0274269 0.0274269 1 1 0
19.1701 0.0274317 0.0274317 1 1 0
19.19 0.0274366 0.0274366 1 1 0
19.21 0.0274414 0.0274414 1 1 0
19.23 0.0274462 0.0274462 1 1 0
19.25 0.027451 0.027451 1 1 0
19.27 0.0274558 0.0274558 1 1 0
19.29 0.0274606 0.0274606 1 1 0
19.3099 0.0274654 0.0274654 1 1 0
19.3299 0.0274702 0.0274702 1 1 0
19.3499 0.027475 0.027475 1 1 0
19.3699 0.0274797 0.0274797 1 1 0
19.3899 0.0274845 0.0274845 1 1 0
19.4098 0.0274893 0.0274893 1 1 0
19.4298 0.027494 0.027494 1 1 0
19.4498 0.0274988 0.0274988 1 1 0
19.4698 0.0275035 0.0275035 1 1 0
19.4898 0.0275083 0.0275083 1 1 0
19.5098 0.027513 0.027513 1 1 0
19.5297 0.0275178 0.0275178 1 1 0
19.5497 0.0275225 0.0275225 1 1 0
19.5697 0.0275272 0.0275272 1 1 0
19.5897 0.027532 0.027532 1 1 0
19.6097 0.0275367 0.0275367 1 1 0
19.6296 0.0275414 0.0275414 1 1 0
19.6496 0.0275461 0.0275461 1 1 0
19.6696 0.0275508 0.0275508 1 1 0
19.6896 0.0275555 0.0275555 1 1 0
19.7053 0.0275592 0.0275592 2 1 0
19.7253 0.0275639 0.0275639 2 1 0
19.7453 0.0275686 0.0275686 2 1 0
19.7653 0.0275733 0.0275733 2 1 0
19.7853 0.027578 0.027578 2 1 0
19.8052 0.0275826 0.0275826 2 1 0
19.8252 0.0275873 0.0275873 2 1 0
19.8452 0.027592 0.027592 2 1 0
19.8652 0.0275966 0.0275966 2 1 0
19.8852 0.0276013 0.0276013 2 1 0
19.9052 0.0276059 0.0276059 2 1 0
19.9251 0.0276106 0.0276106 2 1 0
19.9451 0.0276152 0.0276152 2 1 0
19.9651 0.0276199 0.0276199 2 1 0
19.9851 0.0276245 0.0276245 2 1 0
20.0051 0.0276291 0.0276291 2 1 0
20.0251 0.0276338 0.0276338 2 1 0
20.045 0.0276384 0.0276384 2 1 0
20.065 0.027643 0.027643 2 1 0
20.085 0.0276476 0.0276476 2 1 0
20.105 0.0276522 0.0276522 2 1 0
20.125 0.0276568 0.0276568 2 1 0
20.145 0.0276614 0.0276614 2 1 0
20.1649 0.027666 0.027666 2 1 0
20.1849 0.0276706 0.0276706 2 1 0
20.2049 0.0276752 0.0276752 2 1 0
20.2249 0.0276798 0.0276798 2 1 0
20.2449 0.0276843 0.0276843 2 1 0
20.2648 0.0276889 0.0276889 2 1 0
20.2848 0.0276935 0.0276935 2 1 0
20.3048 0.027698 0.027698 2 1 0
20.3248 0.0277026 0.0277026 2 1 0
20.3448 0.0277072 0.0277072 2 1 0
20.3648 0.0277117 0.0277117 2 1 0
20.3847 0.0277163 0.0277163 2 1 0
20.4047 0.0277208 0.0277208 2 1 0
20.4247 0.0277253 0.0277253 2 1 0
20.4447 0.0277299 0.0277299 2 1 0
20.4647 0.0277344 0.0277344 2 1 0
20.4847 0.0277389 0.0277389 2 1 0
20.5046 0.0277434 0.0277434 2 1 0
20.5246 0.027748 0.027748 2 1 0
20.5446 0.0277525 0.0277525 2 1 0
20.5646 0.027757 0.027757 2 1 0
20.5846 0.0277615 0.0277615 2 1 0
20.6046 0.027766 0.027766 2 1 0
20.6245 0.0277705 0.0277705 2 1 0
20.6445 0.027775 0.027775 2 1 0
20.6645 0.0277794 0.0277794 2 1 0
20.6845 0.0277839 0.0277839 2 1 0
20.7045 0.0277884 0.0277884 2 1 0
20.7245 0.0277929 0.0277929 2 1 0
20.7445 0.0277973 0.0277973 2 1 0
20.7644 0.0278018 0.0278018 2 1 0
20.7844 0.0278063 0.0278063 2 1 0
20.8044 0.0278107 0.0278107 2 1 0
20.8244 0.0278152 0.0278152 2 1 0
20.8444 0.0278196 0.0278196 2 1 0
20.8644 0.0278241 0.0278241 2 1 0
20.8843 0.0278285 0.0278285 2 1 0
20.9043 0.0278329 0.0278329 2 1 0
20.9243 0.0278374 0.0278374 2 1 0
20.9443 0.0278418 0.0278418 2 1 0
20.9643 0.0278462 0.0278462 2 1 0
20.9843 0.0278506 0.0278506 2 1 0
21.0042 0.0278551 0.0278551 2 1 0
21.0242 0.0278595 0.0278595 2 1 0
21.0442 0.0278639 0.0278639 2 1 0
21.0642 0.0278683 0.0278683 2 1 0
21.0842 0.0278727 0.0278727 2 1 0
21.1042 0.0278771 0.0278771 2 1 0
21.1242 0.0278815 0.0278815 2 1 0
21.1441 0.0278859 0.0278859 2 1 0
21.1641 0.0278902 0.0278902 2 1 0
21.1841 0.0278946 0.0278946 2 1 0
21.2041 0.027899 0.027899 2 1 0
21.2241 0.0279034 0.0279034 2 1 0
21.2441 0.0279077 0.0279077 2 1 0
21.264 0.0279121 0.0279121 2 1 0
21.284 0.0279164 0.0279164 2 1 0
21.304 0.0279208 0.0279208 2 1 0
21.324 0.0279252 0.0279252 2 1 0
21.344 0.0279295 0.0279295 2 1 0
21.364 0.0279338 0.0279338 2 1 0
21.384 0.0279382 0.0279382 2 1 0
21.4039 0.0279425 0.0279425 2 1 0
21.4239 0.0279468 0.0279468 2 1 0
21.4439 0.0279512 0.0279512 2 1 0
21.4639 0.0279555 0.0279555 2 1 0
21.4839 0.0279598 0.0279598 2 1 0
21.5039 0.0279641 0.0279641 2 1 0
21.5238 0.0279684 0.0279684 2 1 0
21.5438 0.0279728 0.0279728 2 1 0
21.5638 0.0279771 0.0279771 2 1 0
21.5838 0.0279814 0.0279814 2 1 0
21.6038 0.0279856 0.0279856 2 1 0
21.6238 0.0279899 0.0279899 2 1 0
21.6438 0.0279942 0.0279942 2 1 0
21.6637 0.0279985 0.0279985 2 1 0
21.6837 0.0280028 0.0280028 2 1 0
21.7037 0.0280071 0.0280071 2 1 0
21.7237 0.0280113 0.0280113 2 1 0
21.7437 0.0280156 0.0280156 2 1 0
21.7637 0.0280199 0.0280199 2 1 0
21.7837 0.0280241 0.0280241 2 1 0
21.8036 0.0280284 0.0280284 2 1 0
21.8236 0.0280327 0.0280327 2 1 0
21.8436 0.0280369 0.0280369 2 1 0
21.8636 0.0280411 0.0280411 2 1 0
21.8836 0.0280454 0.0280454 2 1 0
21.9036 0.0280496 0.0280496 2 1 0
21.9235 0.0280539 0.0280539 2 1 0
21.9435 0.0280581 0.0280581 2 1 0
21.9635 0.0280623 0.0280623 2 1 0
21.9835 0.0280665 0.0280665 2 1 0
22.0035 0.0280708 0.0280708 2 1 0
22.0235 0.028075 0.028075 2 1 0
22.0435 0.0280792 0.0280792 2 1 0
22.0634 0.0280834 0.0280834 2 1 0
22.0834 0.0280876 0.0280876 2 1 0
22.1034 0.0280918 0.0280918 2 1 0
22.1234 0.028096 0.028096 2 1 0
22.1434 0.0281002 0.0281002 2 1 0
22.1634 0.0281044 0.0281044 2 1 0
22.1834 0.0281086 0.0281086 2 1 0
22.2033 0.0281128 0.0281128 2 1 0
22.2233 0.0281169 0.0281169 2 1 0
22.2433 0.0281211 0.0281211 2 1 0
22.2633 0.0281253 0.0281253 2 1 0
19.7053 0.0275592 0.0275592 4 7 0
19.7108 0.0277296 0.0273934 3 7 0
19.724 0.0278789 0.0272552 3 7 0
19.7397 0.0279955 0.0271518 3 7 0
19.7564 0.0280953 0.0270659 3 7 0
19.7739 0.0281842 0.0269916 3 7 0
19.7919 0.0282649 0.0269249 3 7 0
19.8102 0.0283398 0.0268651 3 7 0
19.8287 0.0284099 0.0268103 3 7 0
19.8474 0.028476 0.0267595 3 7 0
19.8663 0.0285389 0.0267122 3 7 0
19.8852 0.0285989 0.0266678 3 7 0
19.9043 0.0286567 0.0266259 3 7 0
19.9234 0.0287122 0.0265862 3 7 0
19.9426 0.0287658 0.0265484 3 7 0
19.9619 0.0288179 0.0265124 3 7 0
19.9812 0.0288683 0.0264778 3 7 0
20.0005 0.0289174 0.0264447 3 7 0
20.0199 0.0289654 0.0264128 3 7 0
20.0393 0.0290121 0.0263821 3 7 0
20.0588 0.0290577 0.0263525 3 7 0
20.0782 0.0291025 0.0263239 3 7 0
20.0977 0.0291462 0.0262962 3 7 0
20.1173 0.0291891 0.0262693 3 7 0
20.1368 0.0292314 0.0262433 3 7 0
20.1563 0.0292727 0.0262179 3 7 0
20.1759 0.0293134 0.0261933 3 7 0
20.1955 0.0293535 0.0261694 3 7 0
20.2151 0.0293929 0.0261461 3 7 0
20.2347 0.0294317 0.0261233 3 7 0
20.2543 0.0294701 0.0261012 3 7 0
20.274 0.0295078 0.0260795 3 7 0
20.2936 0.029545 0.0260583 3 7 0
20.3133 0.0295819 0.0260379 3 7 0
20.333 0.0296181 0.0260177 3 7 0
20.3526 0.029654 0.0259978 3 7 0
20.3723 0.0296895 0.0259792 3 7 0
20.392 0.0297245 0.0259602 3 7 0
20.4117 0.0297591 0.0259416 3 7 0
20.4314 0.0297935 0.0259228 3 7 0
20.4511 0.0298274 0.0259048 3 7 0
20.4708 0.029861 0.0258872 3 7 0
20.4906 0.0298942 0.0258696 3 7 0
20.5103 0.0299271 0.0258527 3 7 0
20.53 0.0299597 0.025836 3 7 0
20.5498 0.029992 0.0258195 3 7 0
20.5695 0.030024 0.0258034 3 7 0
20.5893 0.0300557 0.0257876 3 7 0
20.609 0.0300871 0.0257719 3 7 0
20.6288 0.0301183 0.0257566 3 7 0
20.6486 0.0301492 0.0257415 3 7 0
20.6683 0.0301797 0.0257265 3 7 0
20.6881 0.0302102 0.0257118 3 7 0
20.7079 0.0302404 0.0256974 3 7 0
20.7276 0.03027 0.0256833 3 7 0
20.7474 0.0302998 0.0256694 3 7 0
20.7672 0.0303293 0.0256556 3 7 0
20.787 0.0303578 0.0256436 3 7 0
20.8068 0.0303869 0.0256303 3 7 0
20.8266 0.0304158 0.0256171 3 7 0
20.8464 0.030442 0.0256043 3 7 0
20.8662 0.0304704 0.0255915 3 7 0
20.886 0.0304987 0.0255789 3 7 0
20.9058 0.0305237 0.0255652 3 7 0
20.9256 0.0305517 0.0255529 3 7 0
20.9454 0.0305795 0.0255408 3 7 0
20.9652 0.0306099 0.025528 3 7 0
20.9851 0.0306374 0.0255161 3 7 0
21.0049 0.0306647 0.0255044 3 7 0
21.0247 0.0306885 0.0254939 3 7 0
21.0445 0.0307154 0.0254826 3 7 0
21.0643 0.0307423 0.0254713 3 7 0
21.0842 0.0307727 0.0254587 3 7 0
21.104 0.0307993 0.0254477 3 7 0
21.1238 0.0308257 0.0254368 3 7 0
21.1437 0.030852 0.0254281 3 7 0
21.1635 0.0308781 0.0254175 3 7 0
21.1833 0.0309041 0.0254071 3 7 0
21.2032 0.0309278 0.0253967 3 7 0
21.223 0.0309535 0.0253865 3 7 0
21.2429 0.0309791 0.0253763 3 7 0
21.2627 0.0310039 0.0253651 3 7 0
21.2825 0.0310293 0.0253552 3 7 0
21.3024 0.0310545 0.0253454 3 7 0
21.3222 0.0310792 0.0253359 3 7 0
21.3421 0.0311042 0.0253263 3 7 0
21.3619 0.0311291 0.0253168 3 7 0
21.3818 0.0311538 0.0253077 3 7 0
21.4016 0.0311785 0.0252984 3 7 0
21.4215 0.0312031 0.0252893 3 7 0
21.4413 0.0312276 0.0252806 3 7 0
21.4612 0.0312519 0.0252716 3 7 0
21.4811 0.0312761 0.0252627 3 7 0
21.5009 0.0313007 0.0252531 3 7 0
21.5208 0.0313247 0.0252443 3 7 0
21.5406 0.0313487 0.0252357 3 7 0
21.5605 0.0313761 0.0252285 3 7 0
21.5804 0.0313998 0.02522 3 7 0
21.6002 0.0314235 0.0252116 3 7 0
21.6201 0.0314428 0.0252029 3 7 0
21.64 0.0314662 0.0251947 3 7 0
21.6598 0.0314895 0.0251865 3 7 0
21.6797 0.0315154 0.0251791 3 7 0
21.6996 0.0315386 0.0251711 3 7 0
21.7194 0.0315616 0.0251632 3 7 0
21.7393 0.031583 0.0251546 3 7 0
21.7592 0.0316059 0.0251469 3 7 0
21.7791 0.0316288 0.0251392 3 7 0
21.7989 0.0316578 0.0251324 3 7 0
21.8188 0.0316805 0.0251248 3 7 0
21.8387 0.0317031 0.0251173 3 7 0
21.8586 0.0317226 0.0251087 3 7 0
21.8784 0.0317451 0.0251013 3 7 0
21.8983 0.0317674 0.025094 3 7 0
21.9182 0.0317868 0.0250887 3 7 0
21.9381 0.031809 0.0250815 3 7 0
21.958 0.0318312 0.0250744 3 7 0
21.9778 0.0318604 0.0250643 3 7 0
21.9977 0.0318825 0.0250573 3 7 0
22.0176 0.0319044 0.0250504 3 7 0
22.0375 0.0319234 0.025043 3 7 0
22.0574 0.0319452 0.0250362 3 7 0
22.0773 0.0319669 0.0250294 3 7 0
22.0972 0.0319849 0.0250249 3 7 0
22.117 0.0320065 0.0250182 3 7 0
22.1369 0.0320281 0.0250117 3 7 0
22.1568 0.032057 0.0250027 3 7 0
22.1767 0.0320784 0.0249962 3 7 0
22.1966 0.0320998 0.0249898 3 7 0
22.2165 0.0321185 0.0249833 3 7 0
22.2364 0.0321397 0.024977 3 7 0
22.2563 0.0321609 0.0249707 3 7 0
22.2762 0.0321781 0.0249662 3 7 0
22.2961 0.0321991 0.02496 3 7 0
22.3159 0.0322201 0.0249539 3 7 0
22.3358 0.032248 0.0249461 3 7 0
22.3557 0.0322689 0.0249401 3 7 0
22.3756 0.0322896 0.0249342 3 7 0
22.3955 0.0323084 0.0249296 3 7 0
22.4154 0.0323291 0.0249237 3 7 0
22.4353 0.0323496 0.0249179 3 7 0
22.4552 0.0323635 0.0249111 3 7 0
22.4751 0.032384 0.0249054 3 7 0
22.495 0.0324044 0.0248997 3 7 0
22.5149 0.0324321 0.0248941 3 7 0
22.5348 0.0324525 0.0248885 3 7 0
22.5547 0.0324727 0.0248829 3 7 0
22.5746 0.032484 0.024877 3 7 0
22.5945 0.0325041 0.0248716 3 7 0
22.6144 0.0325241 0.0248661 3 7 0
22.6343 0.0325543 0.0248623 3 7 0
22.6542 0.0325744 0.0248569 3 7 0
22.6741 0.0325943 0.0248516 3 7 0
22.694 0.0326095 0.0248448 3 7 0
22.7139 0.0326293 0.0248395 3 7 0
22.7338 0.0326491 0.0248343 3 7 0
22.7537 0.0326713 0.0248296 3 7 0
22.7736 0.032691 0.0248244 3 7 0
22.7936 0.0327106 0.0248194 3 7 0
22.8135 0.0327271 0.0248139 3 7 0
22.8334 0.0327466 0.0248089 3 7 0
22.8533 0.0327661 0.024804 3 7 0
22.8732 0.0327898 0.0247993 3 7 0
22.8931 0.0328092 0.0247944 3 7 0
22.913 0.0328286 0.0247895 3 7 0
22.9329 0.0328426 0.0247847 3 7 0
22.9528 0.0328618 0.0247799 3 7 0
22.9727 0.032881 0.0247751 3 7 0
22.9926 0.0329066 0.0247704 3 7 0
23.0125 0.0329258 0.0247657 3 7 0
23.0325 0.0329449 0.0247611 3 7 0
23.0524 0.0329545 0.0247572 3 7 0
23.0723 0.0329735 0.0247526 3 7 0
23.0922 0.0329924 0.024748 3 7 0
23.1121 0.0330218 0.0247429 3 7 0
23.132 0.0330407 0.0247384 3 7 0
23.1519 0.0330595 0.024734 3 7 0
23.1718 0.033069 0.0247302 3 7 0
23.1918 0.0330878 0.0247258 3 7 0
23.2117 0.0331064 0.0247214 3 7 0
23.2316 0.0331345 0.0247163 3 7 0
23.2515 0.0331531 0.024712 3 7 0
23.2714 0.0331717 0.0247077 3 7 0
23.2913 0.0331834 0.0247075 3 7 0
23.3112 0.0332019 0.0247032 3 7 0
23.3312 0.0332204 0.024699 3 7 0
23.3511 0.0332463 0.0246917 3 7 0
23.371 0.0332647 0.0246876 3 7 0
23.3909 0.033283 0.0246835 3 7 0
23.4108 0.033298 0.0246785 3 7 0
23.4307 0.0333163 0.0246744 3 7 0
23.4507 0.0333345 0.0246704 3 7 0
23.4706 0.033353 0.0246662 3 7 0
23.4905 0.0333711 0.0246623 3 7 0
23.5104 0.0333892 0.0246583 3 7 0
23.5303 0.0334073 0.0246544 3 7 0
23.5503 0.0334253 0.0246505 3 7 0
23.5702 0.0334433 0.0246466 3 7 0
23.5901 0.0334617 0.0246428 3 7 0
23.61 0.0334796 0.024639 3 7 0
22.6144 0.0325241 0.0248661 4 7 0
22.6343 0.0325441 0.0248607 3 7 0
22.6542 0.0325641 0.0248554 3 7 0
22.6741 0.0325945 0.0248524 3 7 0
22.694 0.0326144 0.0248471 3 7 0
22.7139 0.0326342 0.0248419 3 7 0
22.7338 0.0326495 0.0248343 3 7 0
22.7537 0.0326693 0.0248292 3 7 0
22.7736 0.0326889 0.0248241 3 7 0
22.7936 0.0327104 0.0248192 3 7 0
22.8135 0.0327299 0.0248142 3 7 0
22.8334 0.0327495 0.0248092 3 7 0
22.8533 0.032767 0.024804 3 7 0
22.8732 0.0327864 0.024799 3 7 0
22.8931 0.0328058 0.0247941 3 7 0
22.913 0.0328281 0.0247894 3 7 0
22.9329 0.0328474 0.0247845 3 7 0
22.9528 0.0328667 0.0247798 3 7 0
22.9727 0.0328828 0.024775 3 7 0
22.9926 0.032902 0.0247703 3 7 0
23.0125 0.0329211 0.0247656 3 7 0
23.0325 0.0329441 0.0247609 3 7 0
23.0524 0.0329631 0.0247563 3 7 0
23.0723 0.0329821 0.0247517 3 7 0
23.0922 0.0329969 0.0247473 3 7 0
23.1121 0.0330158 0.0247428 3 7 0
23.132 0.0330346 0.0247383 3 7 0
23.1519 0.0330584 0.0247336 3 7 0
23.1718 0.0330772 0.0247292 3 7 0
23.1918 0.0330959 0.0247248 3 7 0
23.2117 0.0331095 0.0247208 3 7 0
23.2316 0.0331281 0.0247164 3 7 0
23.2515 0.0331467 0.0247121 3 7 0
23.2714 0.033171 0.0247075 3 7 0
23.2913 0.0331895 0.0247032 3 7 0
23.3112 0.0332081 0.024699 3 7 0
23.3312 0.0332208 0.0246953 3 7 0
23.3511 0.0332392 0.0246912 3 7 0
23.371 0.0332575 0.024687 3 7 0
23.3909 0.033282 0.0246824 3 7 0
23.4108 0.0333004 0.0246783 3 7 0
23.4307 0.0333186 0.0246743 3 7 0
23.4507 0.0333311 0.0246708 3 7 0
23.4706 0.0333492 0.0246668 3 7 0
23.4905 0.0333674 0.0246628 3 7 0
23.5104 0.0333915 0.0246583 3 7 0
23.5303 0.0334096 0.0246544 3 7 0
23.5503 0.0334277 0.0246505 3 7 0
23.5702 0.0334405 0.0246472 3 7 0
23.5901 0.0334584 0.0246433 3 7 0
23.61 0.0334763 0.0246395 3 7 0
23.6299 0.0334995 0.0246352 3 7 0
23.6499 0.0335174 0.0246314 3 7 0
23.6698 0.0335353 0.0246277 3 7 0
23.6897 0.0335489 0.0246244 3 7 0
23.7096 0.0335666 0.0246207 3 7 0
23.7295 0.0335843 0.024617 3 7 0
23.7495 0.0336061 0.0246129 3 7 0
23.7694 0.0336238 0.0246093 3 7 0
23.7893 0.0336414 0.0246057 3 7 0
23.8092 0.033656 0.0246024 3 7 0
23.8292 0.0336736 0.0245989 3 7 0
23.8491 0.0336911 0.0245953 3 7 0
23.869 0.0337114 0.0245915 3 7 0
23.8889 0.0337289 0.0245881 3 7 0
23.9089 0.0337463 0.0245846 3 7 0
23.9288 0.0337617 0.0245813 3 7 0
23.9487 0.0337791 0.0245779 3 7 0
23.9686 0.0337964 0.0245745 3 7 0
23.9886 0.0338156 0.024571 3 7 0
24.0085 0.0338328 0.0245676 3 7 0
24.0284 0.0338501 0.0245643 3 7 0
24.0483 0.0338661 0.0245611 3 7 0
24.0683 0.0338833 0.0245578 3 7 0
24.0882 0.0339004 0.0245545 3 7 0
24.1081 0.0339186 0.0245512 3 7 0
24.128 0.0339357 0.024548 3 7 0
24.148 0.0339528 0.0245448 3 7 0
24.1679 0.0339692 0.0245416 3 7 0
24.1878 0.0339862 0.0245385 3 7 0
24.2078 0.0340031 0.0245353 3 7 0
24.2277 0.0340207 0.0245322 3 7 0
24.2476 0.0340376 0.024529 3 7 0
24.2675 0.0340545 0.024526 3 7 0
24.2875 0.034071 0.0245229 3 7 0
24.3074 0.0340878 0.0245199 3 7 0
24.3273 0.0341046 0.0245168 3 7 0
24.3473 0.0341218 0.0245138 3 7 0
24.3672 0.0341385 0.0245108 3 7 0
24.3871 0.0341552 0.0245078 3 7 0
24.407 0.0341718 0.0245049 3 7 0
24.427 0.0341884 0.024502 3 7 0
24.4469 0.034205 0.024499 3 7 0
24.4668 0.0342219 0.0244961 3 7 0
24.4868 0.0342385 0.0244932 3 7 0
24.5067 0.034255 0.0244904 3 7 0
24.5266 0.0342715 0.0244875 3 7 0
24.5466 0.034288 0.0244847 3 7 0
24.5665 0.0343044 0.0244819 3 7 0
24.5864 0.034321 0.0244791 3 7 0
24.6064 0.0343374 0.0244763 3 7 0
24.6263 0.0343538 0.0244735 3 7 0
24.6462 0.0343702 0.0244708 3 7 0
24.6662 0.0343865 0.0244681 3 7 0
24.6861 0.0344028 0.0244654 3 7 0
24.706 0.0344192 0.0244627 3 7 0
24.726 0.0344355 0.02446 3 7 0
24.7459 0.0344517 0.0244573 3 7 0
24.7658 0.0344679 0.0244547 3 7 0
24.7858 0.0344841 0.024452 3 7 0
24.8057 0.0345002 0.0244494 3 7 0
24.8256 0.0345165 0.0244468 3 7 0
24.8456 0.0345325 0.0244442 3 7 0
24.8655 0.0345486 0.0244417 3 7 0
24.8854 0.0345647 0.0244391 3 7 0
24.9054 0.0345807 0.0244366 3 7 0
24.9253 0.0345967 0.024434 3 7 0
24.9452 0.0346128 0.0244315 3 7 0
24.9652 0.0346287 0.024429 3 7 0
24.9851 0.0346446 0.0244266 3 7 0
25.0051 0.0346606 0.0244241 3 7 0
25.025 0.0346765 0.0244217 3 7 0
25.0449 0.0346923 0.0244192 3 7 0
25.0649 0.0347082 0.0244168 3 7 0
25.0848 0.034724 0.0244144 3 7 0
25.1047 0.0347398 0.024412 3 7 0
25.1247 0.0347556 0.0244096 3 7 0
25.1446 0.0347713 0.0244073 3 7 0
25.1645 0.034787 0.0244049 3 7 0
25.1845 0.0348028 0.0244026 3 7 0
25.2044 0.0348185 0.0244003 3 7 0
25.2244 0.0348341 0.024398 3 7 0
25.2443 0.0348498 0.0243957 3 7 0
25.2642 0.0348654 0.0243934 3 7 0
25.2842 0.0348809 0.0243911 3 7 0
25.3041 0.0348965 0.0243889 3 7 0
25.3241 0.0349121 0.0243866 3 7 0
25.344 0.0349275 0.0243844 3 7 0
25.3639 0.0349431 0.0243822 3 7 0
25.3839 0.0349585 0.02438 3 7 0
25.4038 0.034974 0.0243778 3 7 0
25.4238 0.0349895 0.0243756 3 7 0
25.4437 0.0350048 0.0243735 3 7 0
25.4636 0.0350202 0.0243713 3 7 0
25.4836 0.0350356 0.0243692 3 7 0
25.5035 0.0350509 0.0243671 3 7 0
25.5235 0.0350662 0.0243649 3 7 0
25.5434 0.0350816 0.0243628 3 7 0
25.5633 0.0350968 0.0243608 3 7 0
25.5833 0.0351121 0.0243587 3 7 0
25.6032 0.0351274 0.0243566 3 7 0
25.6232 0.0351425 0.0243546 3 7 0
25.6431 0.0351577 0.0243525 3 7 0
25.663 0.0351729 0.0243505 3 7 0
25.683 0.0351881 0.0243485 3 7 0
25.7029 0.0352032 0.0243465 3 7 0
25.7229 0.0352183 0.0243445 3 7 0
25.7428 0.0352334 0.0243425 3 7 0
25.7627 0.0352484 0.0243406 3 7 0
25.7827 0.0352635 0.0243386 3 7 0
25.8026 0.0352785 0.0243367 3 7 0
25.8226 0.0352935 0.0243347 3 7 0
25.8425 0.0353086 0.0243328 3 7 0
25.8625 0.0353235 0.0243309 3 7 0
25.8824 0.0353384 0.024329 3 7 0
25.9023 0.0353534 0.0243271 3 7 0
25.9223 0.0353683 0.0243252 3 7 0
25.9422 0.0353831 0.0243234 3 7 0
25.9622 0.0353981 0.0243215 3 7 0
25.9821 0.0354129 0.0243197 3 7 0
26.0021 0.0354277 0.0243178 3 7 0
26.022 0.0354425 0.024316 3 7 0
26.042 0.0354573 0.0243142 3 7 0
26.0619 0.0354721 0.0243124 3 7 0
26.0818 0.0354869 0.0243106 3 7 0
26.1018 0.0355016 0.0243088 3 7 0
26.1217 0.0355163 0.0243071 3 7 0
26.1417 0.035531 0.0243053 3 7 0
26.1616 0.0355457 0.0243036 3 7 0
26.1816 0.0355603 0.0243018 3 7 0
26.2015 0.035575 0.0243001 3 7 0
26.2215 0.0355896 0.0242984 3 7 0
26.2414 0.0356041 0.0242967 3 7 0
26.2613 0.0356188 0.024295 3 7 0
26.2813 0.0356333 0.0242933 3 7 0
26.3012 0.0356478 0.0242917 3 7 0
26.3212 0.0356624 0.02429 3 7 0
26.3411 0.0356769 0.0242884 3 7 0
26.3611 0.0356914 0.0242867 3 7 0
26.381 0.0357059 0.0242851 3 7 0
26.401 0.0357203 0.0242835 3 7 0
26.4209 0.0357348 0.0242819 3 7 0
26.4409 0.0357492 0.0242803 3 7 0
26.4608 0.0357636 0.0242787 3 7 0
26.4808 0.035778 0.0242771 3 7 0
26.5007 0.0357924 0.0242756 3 7 0
26.5206 0.0358067 0.024274 3 7 0
26.5406 0.035821 0.0242724 3 7 0
26.5605 0.0358352 0.0242716 3 7 0
26.5805 0.0358495 0.0242701 3 7 0
22.2633 0.0281253 0.0281253 2 1 0
22.3033 0.0281336 0.0281336 2 1 0
22.3233 0.0281378 0.0281378 2 1 0
22.3432 0.0281419 0.0281419 2 1 0
22.3632 0.0281461 0.0281461 2 1 0
22.3832 0.0281502 0.0281502 2 1 0
22.4032 0.0281544 0.0281544 2 1 0
22.4232 0.0281585 0.0281585 2 1 0
22.4432 0.0281627 0.0281627 2 1 0
22.4632 0.0281668 0.0281668 2 1 0
22.4832 0.0281709 0.0281709 2 1 0
22.5031 0.0281751 0.0281751 2 1 0
22.5231 0.0281792 0.0281792 2 1 0
22.5431 0.0281833 0.0281833 2 1 0
22.5631 0.0281874 0.0281874 2 1 0
22.5831 0.0281915 0.0281915 2 1 0
22.6031 0.0281957 0.0281957 2 1 0
22.6231 0.0281998 0.0281998 2 1 0
22.643 0.0282039 0.0282039 2 1 0
22.663 0.028208 0.028208 2 1 0
22.683 0.0282121 0.0282121 2 1 0
22.703 0.0282162 0.0282162 2 1 0
22.723 0.0282203 0.0282203 2 1 0
22.743 0.0282243 0.0282243 2 1 0
22.763 0.0282284 0.0282284 2 1 0
22.7829 0.0282325 0.0282325 2 1 0
22.8029 0.0282366 0.0282366 2 1 0
22.8229 0.0282406 0.0282406 2 1 0
22.8429 0.0282447 0.0282447 2 1 0
22.8629 0.0282488 0.0282488 2 1 0
22.8829 0.0282528 0.0282528 2 1 0
22.9029 0.0282569 0.0282569 2 1 0
22.9229 0.028261 0.028261 2 1 0
22.9428 0.028265 0.028265 2 1 0
22.9628 0.0282691 0.0282691 2 1 0
22.9828 0.0282731 0.0282731 2 1 0
23.0028 0.0282771 0.0282771 2 1 0
23.0228 0.0282812 0.0282812 2 1 0
23.0428 0.0282852 0.0282852 2 1 0
23.0628 0.0282892 0.0282892 2 1 0
23.0827 0.0282933 0.0282933 2 1 0
23.1027 0.0282973 0.0282973 2 1 0
23.1227 0.0283013 0.0283013 2 1 0
23.1427 0.0283053 0.0283053 2 1 0
23.1627 0.0283094 0.0283094 2 1 0
23.1827 0.0283134 0.0283134 2 1 0
23.2027 0.0283174 0.0283174 2 1 0
23.2227 0.0283214 0.0283214 2 1 0
23.2426 0.0283254 0.0283254 2 1 0
23.2626 0.0283294 0.0283294 2 1 0
23.2826 0.0283334 0.0283334 2 1 0
23.3026 0.0283374 0.0283374 2 1 0
23.3226 0.0283413 0.0283413 2 1 0
23.3426 0.0283453 0.0283453 2 1 0
23.3626 0.0283493 0.0283493 2 1 0
23.3826 0.0283533 0.0283533 2 1 0
23.4025 0.0283573 0.0283573 2 1 0
23.4225 0.0283612 0.0283612 2 1 0
23.4425 0.0283652 0.0283652 2 1 0
23.4625 0.0283692 0.0283692 2 1 0
23.4825 0.0283731 0.0283731 2 1 0
23.5025 0.0283771 0.0283771 2 1 0
23.5225 0.028381 0.028381 2 1 0
23.5425 0.028385 0.028385 2 1 0
23.5624 0.0283889 0.0283889 2 1 0
23.5824 0.0283929 0.0283929 2 1 0
23.6024 0.0283968 0.0283968 2 1 0
23.6224 0.0284008 0.0284008 2 1 0
23.6424 0.0284047 0.0284047 2 1 0
23.6624 0.0284086 0.0284086 2 1 0
23.6824 0.0284126 0.0284126 2 1 0
23.7024 0.0284165 0.0284165 2 1 0
23.7223 0.0284204 0.0284204 2 1 0
23.7423 0.0284243 0.0284243 2 1 0
23.7623 0.0284282 0.0284282 2 1 0
23.7823 0.0284322 0.0284322 2 1 0
23.8023 0.0284361 0.0284361 2 1 0
23.8223 0.02844 0.02844 2 1 0
23.8423 0.0284439 0.0284439 2 1 0
23.8623 0.0284478 0.0284478 2 1 0
23.8822 0.0284517 0.0284517 2 1 0
23.9022 0.0284556 0.0284556 2 1 0
23.9222 0.0284595 0.0284595 2 1 0
23.9422 0.0284633 0.0284633 2 1 0
23.9622 0.0284672 0.0284672 2 1 0
23.9822 0.0284711 0.0284711 2 1 0
24.0022 0.028475 0.028475 2 1 0
24.0222 0.0284789 0.0284789 2 1 0
24.0421 0.0284827 0.0284827 2 1 0
24.0621 0.0284866 0.0284866 2 1 0
24.0821 0.0284905 0.0284905 2 1 0
24.1021 0.0284943 0.0284943 2 1 0
24.1221 0.0284982 0.0284982 2 1 0
24.1421 0.028502 0.028502 2 1 0
24.1621 0.0285059 0.0285059 2 1 0
24.1821 0.0285097 0.0285097 2 1 0
24.202 0.0285136 0.0285136 2 1 0
24.222 0.0285174 0.0285174 2 1 0
24.242 0.0285213 0.0285213 2 1 0
24.262 0.0285251 0.0285251 2 1 0
24.282 0.0285289 0.0285289 2 1 0
24.302 0.0285328 0.0285328 2 1 0
24.322 0.0285366 0.0285366 2 1 0
24.342 0.0285404 0.0285404 2 1 0
24.362 0.0285442 0.0285442 2 1 0
24.3819 0.0285481 0.0285481 2 1 0
24.4019 0.0285519 0.0285519 2 1 0
24.4219 0.0285557 0.0285557 2 1 0
24.4419 0.0285595 0.0285595 2 1 0
24.4619 0.0285633 0.0285633 2 1 0
24.4819 0.0285671 0.0285671 2 1 0
24.5019 0.0285709 0.0285709 2 1 0
24.5219 0.0285747 0.0285747 2 1 0
24.5418 0.0285785 0.0285785 2 1 0
24.5618 0.0285823 0.0285823 2 1 0
24.5818 0.0285861 0.0285861 2 1 0
24.6018 0.0285899 0.0285899 2 1 0
24.6218 0.0285936 0.0285936 2 1 0
24.6418 0.0285974 0.0285974 2 1 0
24.6618 0.0286012 0.0286012 2 1 0
24.6818 0.028605 0.028605 2 1 0
24.7018 0.0286087 0.0286087 2 1 0
24.7217 0.0286125 0.0286125 2 1 0
24.7417 0.0286163 0.0286163 2 1 0
24.7617 0.02862 0.02862 2 1 0
24.7817 0.0286238 0.0286238 2 1 0
24.8017 0.0286276 0.0286276 2 1 0
24.8217 0.0286313 0.0286313 2 1 0
24.8417 0.0286351 0.0286351 2 1 0
24.8617 0.0286388 0.0286388 2 1 0
24.8816 0.0286425 0.0286425 2 1 0
24.9016 0.0286463 0.0286463 2 1 0
24.9216 0.02865 0.02865 2 1 0
24.9416 0.0286538 0.0286538 2 1 0
24.9616 0.0286575 0.0286575 2 1 0
24.9816 0.0286612 0.0286612 2 1 0
25.0016 0.028665 0.028665 2 1 0
25.0216 0.0286687 0.0286687 2 1 0
25.0416 0.0286724 0.0286724 2 1 0
25.0615 0.0286761 0.0286761 2 1 0
25.0815 0.0286798 0.0286798 2 1 0
25.1015 0.0286835 0.0286835 2 1 0
25.1215 0.0286873 0.0286873 2 1 0
25.1415 0.028691 0.028691 2 1 0
25.1615 0.0286947 0.0286947 2 1 0
25.1815 0.0286984 0.0286984 2 1 0
25.2015 0.0287021 0.0287021 2 1 0
25.2215 0.0287058 0.0287058 2 1 0
25.2414 0.0287094 0.0287094 2 1 0
25.2614 0.0287131 0.0287131 2 1 0
25.2814 0.0287168 0.0287168 2 1 0
25.3014 0.0287205 0.0287205 2 1 0
25.3214 0.0287242 0.0287242 2 1 0
25.3414 0.0287279 0.0287279 2 1 0
25.3614 0.0287315 0.0287315 2 1 0
25.3814 0.0287352 0.0287352 2 1 0
25.4014 0.0287389 0.0287389 2 1 0
25.4213 0.0287425 0.0287425 2 1 0
25.4413 0.0287462 0.0287462 2 1 0
25.4613 0.0287499 0.0287499 2 1 0
25.4813 0.0287535 0.0287535 2 1 0
25.5013 0.0287572 0.0287572 2 1 0
25.5213 0.0287608 0.0287608 2 1 0
25.5413 0.0287645 0.0287645 2 1 0
25.5613 0.0287681 0.0287681 2 1 0
25.5813 0.0287718 0.0287718 2 1 0
25.6013 0.0287754 0.0287754 2 1 0
25.6212 0.0287791 0.0287791 2 1 0
25.6412 0.0287827 0.0287827 2 1 0
25.6612 0.0287863 0.0287863 2 1 0
25.6812 0.02879 0.02879 2 1 0
25.7012 0.0287936 0.0287936 2 1 0
25.7212 0.0287972 0.0287972 2 1 0
25.7412 0.0288008 0.0288008 2 1 0
25.7612 0.0288044 0.0288044 2 1 0
25.7812 0.0288081 0.0288081 2 1 0
25.8011 0.0288117 0.0288117 2 1 0
25.8211 0.0288153 0.0288153 2 1 0
25.8411 0.0288189 0.0288189 2 1 0
25.8611 0.0288225 0.0288225 2 1 0
25.8811 0.0288261 0.0288261 2 1 0
25.9011 0.0288297 0.0288297 2 1 0
25.9211 0.0288333 0.0288333 2 1 0
25.9411 0.0288369 0.0288369 2 1 0
25.9611 0.0288405 0.0288405 2 1 0
25.9811 0.0288441 0.0288441 2 1 0
26.001 0.0288477 0.0288477 2 1 0
26.021 0.0288513 0.0288513 2 1 0
26.041 0.0288548 0.0288548 2 1 0
26.061 0.0288584 0.0288584 2 1 0
26.081 0.028862 0.028862 2 1 0
26.101 0.0288656 0.0288656 2 1 0
26.121 0.0288691 0.0288691 2 1 0
26.141 0.0288727 0.0288727 2 1 0
26.161 0.0288763 0.0288763 2 1 0
26.1809 0.0288798 0.0288798 2 1 0
26.2009 0.0288834 0.0288834 2 1 0
26.2209 0.0288869 0.0288869 2 1 0
26.2409 0.0288905 0.0288905 2 1 0
26.2609 0.0288941 0.0288941 2 1 0
14.28 0.0260727 0.0260727 2 1 0
14.2426 0.0260626 0.0260626 1 1 0
14.2227 0.0260562 0.0260562 1 1 0
14.2027 0.0260497 0.0260497 1 1 0
14.1827 0.0260433 0.0260433 1 1 0
14.1628 0.0260368 0.0260368 1 1 0
14.1428 0.0260303 0.0260303 1 1 0
14.1228 0.0260238 0.0260238 1 1 0
14.1029 0.0260173 0.0260173 1 1 0
14.0829 0.0260108 0.0260108 1 1 0
14.0629 0.0260043 0.0260043 1 1 0
14.043 0.0259978 0.0259978 1 1 0
14.023 0.0259913 0.0259913 1 1 0
14.0031 0.0259848 0.0259848 1 1 0
13.9831 0.0259782 0.0259782 1 1 0
13.9631 0.0259717 0.0259717 1 1 0
13.9432 0.0259651 0.0259651 1 1 0
13.9232 0.0259585 0.0259585 1 1 0
13.9032 0.025952 0.025952 1 1 0
13.8833 0.0259454 0.0259454 1 1 0
13.8633 0.0259388 0.0259388 1 1 0
13.8433 0.0259322 0.0259322 1 1 0
13.8234 0.0259255 0.0259255 1 1 0
13.8034 0.0259189 0.0259189 1 1 0
13.7834 0.0259123 0.0259123 1 1 0
13.7635 0.0259056 0.0259056 1 1 0
13.7435 0.025899 0.025899 1 1 0
13.7235 0.0258923 0.0258923 1 1 0
13.7036 0.0258856 0.0258856 1 1 0
13.6836 0.025879 0.025879 1 1 0
13.6637 0.0258723 0.0258723 1 1 0
13.6437 0.0258656 0.0258656 1 1 0
13.6237 0.0258589 0.0258589 1 1 0
13.6038 0.0258521 0.0258521 1 1 0
13.5838 0.0258454 0.0258454 1 1 0
13.5638 0.0258387 0.0258387 1 1 0
13.5439 0.0258319 0.0258319 1 1 0
13.5239 0.0258252 0.0258252 1 1 0
13.504 0.0258184 0.0258184 1 1 0
13.484 0.0258116 0.0258116 1 1 0
13.464 0.0258048 0.0258048 1 1 0
13.4441 0.025798 0.025798 1 1 0
13.4241 0.0257912 0.0257912 1 1 0
13.4041 0.0257844 0.0257844 1 1 0
13.3842 0.0257776 0.0257776 1 1 0
13.3642 0.0257707 0.0257707 1 1 0
13.3443 0.0257639 0.0257639 1 1 0
13.3243 0.025757 0.025757 1 1 0
13.3043 0.0257502 0.0257502 1 1 0
13.2844 0.0257433 0.0257433 1 1 0
13.2644 0.0257364 0.0257364 1 1 0
13.2444 0.0257295 0.0257295 1 1 0
13.2245 0.0257226 0.0257226 1 1 0
13.2045 0.0257157 0.0257157 1 1 0
13.1846 0.0257088 0.0257088 1 1 0
13.1646 0.0257018 0.0257018 1 1 0
13.1446 0.0256949 0.0256949 1 1 0
13.1247 0.0256879 0.0256879 1 1 0
13.1047 0.0256809 0.0256809 1 1 0
13.0848 0.025674 0.025674 1 1 0
13.0648 0.025667 0.025667 1 1 0
13.0448 0.02566 0.02566 1 1 0
13.0249 0.025653 0.025653 1 1 0
13.0049 0.0256459 0.0256459 1 1 0
12.985 0.0256389 0.0256389 1 1 0
12.965 0.0256319 0.0256319 1 1 0
12.945 0.0256248 0.0256248 1 1 0
12.9251 0.0256178 0.0256178 1 1 0
12.9051 0.0256107 0.0256107 1 1 0
12.8852 0.0256036 0.0256036 1 1 0
12.8652 0.0255965 0.0255965 1 1 0
12.8452 0.0255894 0.0255894 1 1 0
12.8253 0.0255823 0.0255823 1 1 0
12.8053 0.0255752 0.0255752 1 1 0
12.7854 0.025568 0.025568 1 1 0
12.7654 0.0255609 0.0255609 1 1 0
12.7454 0.0255537 0.0255537 1 1 0
12.7255 0.0255466 0.0255466 1 1 0
12.7055 0.0255394 0.0255394 1 1 0
12.6856 0.0255322 0.0255322 1 1 0
12.6656 0.025525 0.025525 1 1 0
12.6457 0.0255178 0.0255178 1 1 0
12.6257 0.0255106 0.0255106 1 1 0
12.6057 0.0255033 0.0255033 1 1 0
12.5858 0.0254961 0.0254961 1 1 0
12.5658 0.0254888 0.0254888 1 1 0
12.5459 0.0254816 0.0254816 1 1 0
12.5259 0.0254743 0.0254743 1 1 0
12.506 0.025467 0.025467 1 1 0
12.486 0.0254597 0.0254597 1 1 0
12.466 0.0254524 0.0254524 1 1 0
12.4461 0.0254451 0.0254451 1 1 0
12.4261 0.0254377 0.0254377 1 1 0
12.4062 0.0254304 0.0254304 1 1 0
12.3862 0.025423 0.025423 1 1 0
12.3663 0.0254157 0.0254157 1 1 0
12.3463 0.0254083 0.0254083 1 1 0
12.3263 0.0254009 0.0254009 1 1 0
12.3064 0.0253935 0.0253935 1 1 0
12.2864 0.0253861 0.0253861 1 1 0
12.2665 0.0253786 0.0253786 1 1 0
12.2465 0.0253712 0.0253712 1 1 0
12.2266 0.0253637 0.0253637 1 1 0
12.2066 0.0253563 0.0253563 1 1 0
12.1867 0.0253488 0.0253488 1 1 0
12.1667 0.0253413 0.0253413 1 1 0
12.1468 0.0253338 0.0253338 1 1 0
12.1268 0.0253263 0.0253263 1 1 0
12.1068 0.0253188 0.0253188 1 1 0
12.0869 0.0253113 0.0253113 1 1 0
12.0669 0.0253037 0.0253037 1 1 0
12.047 0.0252962 0.0252962 1 1 0
12.027 0.0252886 0.0252886 1 1 0
12.0071 0.025281 0.025281 1 1 0
11.9871 0.0252734 0.0252734 1 1 0
11.9672 0.0252658 0.0252658 1 1 0
11.9472 0.0252582 0.0252582 1 1 0
11.9273 0.0252506 0.0252506 1 1 0
11.9073 0.0252429 0.0252429 1 1 0
11.8874 0.0252353 0.0252353 1 1 0
11.8674 0.0252276 0.0252276 1 1 0
11.8475 0.0252199 0.0252199 1 1 0
11.8275 0.0252122 0.0252122 1 1 0
11.8076 0.0252045 0.0252045 1 1 0
11.7876 0.0251968 0.0251968 1 1 0
11.7676 0.0251891 0.0251891 1 1 0
11.7477 0.0251813 0.0251813 1 1 0
11.7277 0.0251736 0.0251736 1 1 0
11.7078 0.0251658 0.0251658 1 1 0
11.6878 0.025158 0.025158 1 1 0
11.6679 0.0251502 0.0251502 1 1 0
11.6479 0.0251424 0.0251424 1 1 0
11.628 0.0251346 0.0251346 1 1 0
11.608 0.0251268 0.0251268 1 1 0
11.5881 0.0251189 0.0251189 1 1 0
11.5681 0.0251111 0.0251111 1 1 0
11.5482 0.0251032 0.0251032 1 1 0
11.5282 0.0250953 0.0250953 1 1 0
11.5083 0.0250874 0.0250874 1 1 0
11.4883 0.0250795 0.0250795 1 1 0
11.4684 0.0250716 0.0250716 1 1 0
11.4484 0.0250636 0.0250636 1 1 0
11.4285 0.0250557 0.0250557 1 1 0
11.4085 0.0250477 0.0250477 1 1 0
11.3886 0.0250397 0.0250397 1 1 0
11.3687 0.0250317 0.0250317 1 1 0
11.3487 0.0250237 0.0250237 1 1 0
11.3288 0.0250157 0.0250157 1 1 0
11.3088 0.0250077 0.0250077 1 1 0
11.2889 0.0249996 0.0249996 1 1 0
11.2689 0.0249916 0.0249916 1 1 0
11.249 0.0249835 0.0249835 1 1 0
11.229 0.0249754 0.0249754 1 1 0
11.2091 0.0249673 0.0249673 1 1 0
11.1891 0.0249592 0.0249592 1 1 0
11.1692 0.0249511 0.0249511 1 1 0
11.1492 0.0249429 0.0249429 1 1 0
11.1293 0.0249348 0.0249348 1 1 0
11.1093 0.0249266 0.0249266 1 1 0
11.0894 0.0249184 0.0249184 1 1 0
11.0694 0.0249102 0.0249102 1 1 0
11.0495 0.024902 0.024902 1 1 0
11.0296 0.0248938 0.0248938 1 1 0
11.0096 0.0248855 0.0248855 1 1 0
10.9897 0.0248773 0.0248773 1 1 0
10.9697 0.024869 0.024869 1 1 0
10.9498 0.0248607 0.0248607 1 1 0
10.9298 0.0248524 0.0248524 1 1 0
10.9099 0.0248441 0.0248441 1 1 0
10.8899 0.0248358 0.0248358 1 1 0
10.87 0.0248274 0.0248274 1 1 0
10.8501 0.0248191 0.0248191 1 1 0
10.8301 0.0248107 0.0248107 1 1 0
10.8102 0.0248023 0.0248023 1 1 0
10.7902 0.0247939 0.0247939 1 1 0
10.7703 0.0247855 0.0247855 1 1 0
10.7503 0.024777 0.024777 1 1 0
10.7304 0.0247686 0.0247686 1 1 0
10.7105 0.0247601 0.0247601 1 1 0
10.6905 0.0247517 0.0247517 1 1 0
10.6706 0.0247432 0.0247432 1 1 0
10.6506 0.0247347 0.0247347 1 1 0
10.6307 0.0247261 0.0247261 1 1 0
10.6108 0.0247176 0.0247176 1 1 0
10.5908 0.024709 0.024709 1 1 0
10.5709 0.0247005 0.0247005 1 1 0
10.5509 0.0246919 0.0246919 1 1 0
10.531 0.0246833 0.0246833 1 1 0
10.5111 0.0246746 0.0246746 1 1 0
10.4911 0.024666 0.024666 1 1 0
10.4712 0.0246574 0.0246574 1 1 0
10.4512 0.0246487 0.0246487 1 1 0
10.4313 0.02464 0.02464 1 1 0
10.4114 0.0246313 0.0246313 1 1 0
10.3914 0.0246226 0.0246226 1 1 0
10.3715 0.0246139 0.0246139 1 1 0
10.3515 0.0246051 0.0246051 1 1 0
10.3316 0.0245964 0.0245964 1 1 0
10.3117 0.0245876 0.0245876 1 1 0
10.2917 0.0245788 0.0245788 1 1 0
10.2917 0.0245788 0.0245788 2 1 0
10.2519 0.0245611 0.0245611 1 1 0
10.2319 0.0245523 0.0245523 1 1 0
10.212 0.0245434 0.0245434 1 1 0
10.1921 0.0245346 0.0245346 1 1 0
10.1721 0.0245257 0.0245257 1 1 0
10.1522 0.0245168 0.0245168 1 1 0
10.1322 0.0245078 0.0245078 1 1 0
10.1123 0.0244989 0.0244989 1 1 0
10.0924 0.0244899 0.0244899 1 1 0
10.0724 0.0244809 0.0244809 1 1 0
10.0525 0.0244719 0.0244719 1 1 0
10.0326 0.0244629 0.0244629 1 1 0
10.0126 0.0244539 0.0244539 1 1 0
9.99271 0.0244449 0.0244449 1 1 0
9.97277 0.0244358 0.0244358 1 1 0
9.95284 0.0244267 0.0244267 1 1 0
9.93291 0.0244176 0.0244176 1 1 0
9.91297 0.0244085 0.0244085 1 1 0
9.89304 0.0243994 0.0243994 1 1 0
9.87311 0.0243902 0.0243902 1 1 0
9.85318 0.024381 0.024381 1 1 0
9.83325 0.0243718 0.0243718 1 1 0
9.81331 0.0243626 0.0243626 1 1 0
9.79338 0.0243534 0.0243534 1 1 0
9.77345 0.0243442 0.0243442 1 1 0
9.75352 0.0243349 0.0243349 1 1 0
9.73359 0.0243256 0.0243256 1 1 0
9.71366 0.0243163 0.0243163 1 1 0
9.69373 0.024307 0.024307 1 1 0
9.6738 0.0242977 0.0242977 1 1 0
9.65388 0.0242883 0.0242883 1 1 0
9.63395 0.0242789 0.0242789 1 1 0
9.61402 0.0242696 0.0242696 1 1 0
9.59409 0.0242601 0.0242601 1 1 0
9.57416 0.0242507 0.0242507 1 1 0
9.55423 0.0242413 0.0242413 1 1 0
9.53431 0.0242318 0.0242318 1 1 0
9.51438 0.0242223 0.0242223 1 1 0
9.49445 0.0242128 0.0242128 1 1 0
9.47453 0.0242033 0.0242033 1 1 0
9.4546 0.0241938 0.0241938 1 1 0
9.43467 0.0241842 0.0241842 1 1 0
9.41475 0.0241746 0.0241746 1 1 0
9.39482 0.024165 0.024165 1 1 0
9.3749 0.0241554 0.0241554 1 1 0
9.35497 0.0241457 0.0241457 1 1 0
9.33505 0.0241361 0.0241361 1 1 0
9.31513 0.0241264 0.0241264 1 1 0
9.2952 0.0241167 0.0241167 1 1 0
9.27528 0.024107 0.024107 1 1 0
9.25536 0.0240973 0.0240973 1 1 0
9.23543 0.0240875 0.0240875 1 1 0
9.21551 0.0240777 0.0240777 1 1 0
9.19559 0.0240679 0.0240679 1 1 0
9.17567 0.0240581 0.0240581 1 1 0
9.15575 0.0240482 0.0240482 1 1 0
9.13583 0.0240384 0.0240384 1 1 0
9.1159 0.0240285 0.0240285 1 1 0
9.09598 0.0240186 0.0240186 1 1 0
9.07606 0.0240087 0.0240087 1 1 0
9.05614 0.0239987 0.0239987 1 1 0
9.03622 0.0239888 0.0239888 1 1 0
9.01631 0.0239788 0.0239788 1 1 0
8.99639 0.0239688 0.0239688 1 1 0
8.97647 0.0239587 0.0239587 1 1 0
8.95655 0.0239487 0.0239487 1 1 0
8.93663 0.0239386 0.0239386 1 1 0
8.91672 0.0239285 0.0239285 1 1 0
8.8968 0.0239184 0.0239184 1 1 0
8.87688 0.0239083 0.0239083 1 1 0
8.85697 0.0238981 0.0238981 1 1 0
8.83705 0.0238879 0.0238879 1 1 0
8.81713 0.0238777 0.0238777 1 1 0
8.79722 0.0238675 0.0238675 1 1 0
8.7773 0.0238573 0.0238573 1 1 0
8.75739 0.023847 0.023847 1 1 0
8.73748 0.0238367 0.0238367 1 1 0
8.71756 0.0238264 0.0238264 1 1 0
8.69765 0.023816 0.023816 1 1 0
8.67774 0.0238057 0.0238057 1 1 0
8.65782 0.0237953 0.0237953 1 1 0
8.63791 0.0237849 0.0237849 1 1 0
8.618 0.0237745 0.0237745 1 1 0
8.59809 0.023764 0.023764 1 1 0
8.57818 0.0237535 0.0237535 1 1 0
8.55827 0.023743 0.023743 1 1 0
8.53836 0.0237325 0.0237325 1 1 0
8.51845 0.023722 0.023722 1 1 0
8.49854 0.0237114 0.0237114 1 1 0
8.47863 0.0237008 0.0237008 1 1 0
8.45872 0.0236902 0.0236902 1 1 0
8.43881 0.0236795 0.0236795 1 1 0
8.41891 0.0236689 0.0236689 1 1 0
8.399 0.0236582 0.0236582 1 1 0
8.37909 0.0236475 0.0236475 1 1 0
8.35918 0.0236367 0.0236367 1 1 0
8.33928 0.023626 0.023626 1 1 0
8.31937 0.0236152 0.0236152 1 1 0
8.29947 0.0236044 0.0236044 1 1 0
8.27956 0.0235935 0.0235935 1 1 0
8.25966 0.0235827 0.0235827 1 1 0
8.23976 0.0235718 0.0235718 1 1 0
8.21985 0.0235609 0.0235609 1 1 0
8.19995 0.0235499 0.0235499 1 1 0
8.18005 0.023539 0.023539 1 1 0
8.16015 0.023528 0.023528 1 1 0
8.14024 0.023517 0.023517 1 1 0
8.12034 0.0235059 0.0235059 1 1 0
8.10044 0.0234949 0.0234949 1 1 0
8.08054 0.0234838 0.0234838 1 1 0
8.06064 0.0234727 0.0234727 1 1 0
8.04074 0.0234615 0.0234615 1 1 0
8.02084 0.0234503 0.0234503 1 1 0
8.00095 0.0234392 0.0234392 1 1 0
7.98105 0.0234279 0.0234279 1 1 0
7.96115 0.0234167 0.0234167 1 1 0
7.94125 0.0234054 0.0234054 1 1 0
7.92136 0.0233941 0.0233941 1 1 0
7.90146 0.0233828 0.0233828 1 1 0
7.88157 0.0233714 0.0233714 1 1 0
7.86167 0.02336 0.02336 1 1 0
7.84178 0.0233486 0.0233486 1 1 0
7.82189 0.0233372 0.0233372 1 1 0
7.80199 0.0233257 0.0233257 1 1 0
7.7821 0.0233142 0.0233142 1 1 0
7.76221 0.0233027 0.0233027 1 1 0
7.74232 0.0232911 0.0232911 1 1 0
7.72242 0.0232795 0.0232795 1 1 0
7.70253 0.0232679 0.0232679 1 1 0
7.68264 0.0232563 0.0232563 1 1 0
7.66275 0.0232446 0.0232446 1 1 0
7.64287 0.0232329 0.0232329 1 1 0
7.62298 0.0232212 0.0232212 1 1 0
7.60309 0.0232094 0.0232094 1 1 0
7.5832 0.0231976 0.0231976 1 1 0
7.56332 0.0231858 0.0231858 1 1 0
7.54343 0.023174 0.023174 1 1 0
7.52354 0.0231621 0.0231621 1 1 0
7.50366 0.0231502 0.0231502 1 1 0
7.48378 0.0231383 0.0231383 1 1 0
7.46389 0.0231263 0.0231263 1 1 0
7.44401 0.0231143 0.0231143 1 1 0
7.42413 0.0231023 0.0231023 1 1 0
7.40424 0.0230902 0.0230902 1 1 0
7.38436 0.0230781 0.0230781 1 1 0
7.36448 0.023066 0.023066 1 1 0
7.3446 0.0230539 0.0230539 1 1 0
7.32472 0.0230417 0.0230417 1 1 0
7.30484 0.0230295 0.0230295 1 1 0
7.28497 0.0230172 0.0230172 1 1 0
7.26509 0.0230049 0.0230049 1 1 0
7.24521 0.0229926 0.0229926 1 1 0
7.22534 0.0229803 0.0229803 1 1 0
7.20546 0.0229679 0.0229679 1 1 0
7.18558 0.0229555 0.0229555 1 1 0
7.16571 0.0229431 0.0229431 1 1 0
7.14584 0.0229306 0.0229306 1 1 0
7.12596 0.0229181 0.0229181 1 1 0
7.10609 0.0229055 0.0229055 1 1 0
7.08622 0.022893 0.022893 1 1 0
7.06635 0.0228804 0.0228804 1 1 0
7.04648 0.0228677 0.0228677 1 1 0
7.02661 0.0228551 0.0228551 1 1 0
7.00674 0.0228423 0.0228423 1 1 0
6.98687 0.0228296 0.0228296 1 1 0
6.96701 0.0228168 0.0228168 1 1 0
6.94714 0.022804 0.022804 1 1 0
6.92727 0.0227912 0.0227912 1 1 0
6.90741 0.0227783 0.0227783 1 1 0
6.88754 0.0227654 0.0227654 1 1 0
6.86768 0.0227524 0.0227524 1 1 0
6.84782 0.0227394 0.0227394 1 1 0
6.82796 0.0227264 0.0227264 1 1 0
6.80809 0.0227133 0.0227133 1 1 0
6.78823 0.0227002 0.0227002 1 1 0
6.76837 0.0226871 0.0226871 1 1 0
6.74851 0.0226739 0.0226739 1 1 0
6.72866 0.0226607 0.0226607 1 1 0
6.7088 0.0226475 0.0226475 1 1 0
6.68894 0.0226342 0.0226342 1 1 0
6.66909 0.0226209 0.0226209 1 1 0
6.64923 0.0226075 0.0226075 1 1 0
6.62938 0.0225941 0.0225941 1 1 0
6.60952 0.0225807 0.0225807 1 1 0
6.58967 0.0225672 0.0225672 1 1 0
6.56982 0.0225537 0.0225537 1 1 0
6.54997 0.0225402 0.0225402 1 1 0
6.53012 0.0225266 0.0225266 1 1 0
6.51027 0.022513 0.022513 1 1 0
6.49042 0.0224993 0.0224993 1 1 0
6.47058 0.0224856 0.0224856 1 1 0
6.45073 0.0224718 0.0224718 1 1 0
6.43088 0.022458 0.022458 1 1 0
6.41104 0.0224442 0.0224442 1 1 0
6.3912 0.0224303 0.0224303 1 1 0
6.37135 0.0224164 0.0224164 1 1 0
6.35151 0.0224025 0.0224025 1 1 0
6.33167 0.0223885 0.0223885 1 1 0
6.31183 0.0223745 0.0223745 1 1 0
6.31183 0.0223745 0.0223745 2 1 0
6.27215 0.0223463 0.0223463 1 1 0
6.25232 0.0223321 0.0223321 1 1 0
6.23248 0.0223179 0.0223179 1 1 0
6.21265 0.0223037 0.0223037 1 1 0
6.19281 0.0222894 0.0222894 1 1 0
6.17298 0.022275 0.022275 1 1 0
6.15315 0.0222607 0.0222607 1 1 0
6.13332 0.0222462 0.0222462 1 1 0
6.11349 0.0222318 0.0222318 1 1 0
6.09366 0.0222173 0.0222173 1 1 0
6.07383 0.0222027 0.0222027 1 1 0
6.054 0.0221881 0.0221881 1 1 0
6.03418 0.0221735 0.0221735 1 1 0
6.01435 0.0221588 0.0221588 1 1 0
5.99453 0.022144 0.022144 1 1 0
5.97471 0.0221292 0.0221292 1 1 0
5.95489 0.0221144 0.0221144 1 1 0
5.93507 0.0220995 0.0220995 1 1 0
5.91525 0.0220846 0.0220846 1 1 0
5.89543 0.0220696 0.0220696 1 1 0
5.87561 0.0220546 0.0220546 1 1 0
5.8558 0.0220396 0.0220396 1 1 0
5.83598 0.0220244 0.0220244 1 1 0
5.81617 0.0220093 0.0220093 1 1 0
5.79636 0.0219941 0.0219941 1 1 0
5.77655 0.0219788 0.0219788 1 1 0
5.75674 0.0219635 0.0219635 1 1 0
5.73693 0.0219481 0.0219481 1 1 0
5.71713 0.0219327 0.0219327 1 1 0
5.69732 0.0219173 0.0219173 1 1 0
5.67752 0.0219018 0.0219018 1 1 0
5.65771 0.0218862 0.0218862 1 1 0
5.63791 0.0218706 0.0218706 1 1 0
5.61811 0.0218549 0.0218549 1 1 0
5.59831 0.0218392 0.0218392 1 1 0
5.57852 0.0218234 0.0218234 1 1 0
5.55872 0.0218076 0.0218076 1 1 0
5.53893 0.0217917 0.0217917 1 1 0
5.51913 0.0217758 0.0217758 1 1 0
5.49934 0.0217598 0.0217598 1 1 0
5.47955 0.0217437 0.0217437 1 1 0
5.45976 0.0217277 0.0217277 1 1 0
5.43997 0.0217115 0.0217115 1 1 0
5.42019 0.0216953 0.0216953 1 1 0
5.4004 0.021679 0.021679 1 1 0
5.38062 0.0216627 0.0216627 1 1 0
5.36084 0.0216463 0.0216463 1 1 0
5.34106 0.0216299 0.0216299 1 1 0
5.32128 0.0216134 0.0216134 1 1 0
5.3015 0.0215969 0.0215969 1 1 0
5.28173 0.0215803 0.0215803 1 1 0
5.26195 0.0215636 0.0215636 1 1 0
5.24218 0.0215469 0.0215469 1 1 0
5.22241 0.0215301 0.0215301 1 1 0
5.20264 0.0215132 0.0215132 1 1 0
5.18287 0.0214963 0.0214963 1 1 0
5.16311 0.0214794 0.0214794 1 1 0
5.14334 0.0214624 0.0214624 1 1 0
5.12358 0.0214453 0.0214453 1 1 0
5.10382 0.0214281 0.0214281 1 1 0
5.08406 0.0214109 0.0214109 1 1 0
5.06431 0.0213936 0.0213936 1 1 0
5.04455 0.0213763 0.0213763 1 1 0
5.0248 0.0213589 0.0213589 1 1 0
5.00505 0.0213414 0.0213414 1 1 0
4.9853 0.0213239 0.0213239 1 1 0
4.96555 0.0213063 0.0213063 1 1 0
4.9458 0.0212886 0.0212886 1 1 0
4.92606 0.0212709 0.0212709 1 1 0
4.90632 0.0212531 0.0212531 1 1 0
4.88658 0.0212353 0.0212353 1 1 0
4.86684 0.0212173 0.0212173 1 1 0
4.84711 0.0211993 0.0211993 1 1 0
4.82737 0.0211813 0.0211813 1 1 0
4.80764 0.0211631 0.0211631 1 1 0
4.78791 0.0211449 0.0211449 1 1 0
4.76818 0.0211266 0.0211266 1 1 0
4.74846 0.0211083 0.0211083 1 1 0
4.72873 0.0210899 0.0210899 1 1 0
4.70901 0.0210714 0.0210714 1 1 0
4.68929 0.0210528 0.0210528 1 1 0
4.66958 0.0210342 0.0210342 1 1 0
4.64986 0.0210155 0.0210155 1 1 0
4.63015 0.0209967 0.0209967 1 1 0
4.61044 0.0209778 0.0209778 1 1 0
4.59073 0.0209589 0.0209589 1 1 0
4.57103 0.0209399 0.0209399 1 1 0
4.55133 0.0209208 0.0209208 1 1 0
4.53163 0.0209016 0.0209016 1 1 0
4.51193 0.0208824 0.0208824 1 1 0
4.49223 0.020863 0.020863 1 1 0
4.47254 0.0208436 0.0208436 1 1 0
4.45285 0.0208242 0.0208242 1 1 0
4.43316 0.0208046 0.0208046 1 1 0
4.41348 0.020785 0.020785 1 1 0
4.39379 0.0207652 0.0207652 1 1 0
4.37412 0.0207454 0.0207454 1 1 0
4.35444 0.0207255 0.0207255 1 1 0
4.33476 0.0207056 0.0207056 1 1 0
4.31509 0.0206855 0.0206855 1 1 0
4.29542 0.0206654 0.0206654 1 1 0
4.27576 0.0206451 0.0206451 1 1 0
4.2561 0.0206248 0.0206248 1 1 0
4.23644 0.0206044 0.0206044 1 1 0
4.21678 0.0205839 0.0205839 1 1 0
4.19712 0.0205633 0.0205633 1 1 0
4.17747 0.0205427 0.0205427 1 1 0
4.15783 0.0205219 0.0205219 1 1 0
4.13818 0.020501 0.020501 1 1 0
4.11854 0.0204801 0.0204801 1 1 0
4.0989 0.0204591 0.0204591 1 1 0
4.07927 0.0204379 0.0204379 1 1 0
4.05964 0.0204167 0.0204167 1 1 0
4.04001 0.0203954 0.0203954 1 1 0
4.02038 0.020374 0.020374 1 1 0
4.00076 0.0203525 0.0203525 1 1 0
3.98114 0.0203308 0.0203308 1 1 0
3.96153 0.0203091 0.0203091 1 1 0
3.94192 0.0202873 0.0202873 1 1 0
3.92231 0.0202654 0.0202654 1 1 0
3.90271 0.0202434 0.0202434 1 1 0
3.88311 0.0202213 0.0202213 1 1 0
3.86351 0.0201991 0.0201991 1 1 0
3.84392 0.0201768 0.0201768 1 1 0
3.82433 0.0201543 0.0201543 1 1 0
3.80475 0.0201318 0.0201318 1 1 0
3.78516 0.0201092 0.0201092 1 1 0
3.76559 0.0200864 0.0200864 1 1 0
3.74602 0.0200635 0.0200635 1 1 0
3.72645 0.0200406 0.0200406 1 1 0
3.70688 0.0200175 0.0200175 1 1 0
3.68732 0.0199943 0.0199943 1 1 0
3.66777 0.019971 0.019971 1 1 0
3.64822 0.0199476 0.0199476 1 1 0
3.62867 0.0199241 0.0199241 1 1 0
3.60913 0.0199004 0.0199004 1 1 0
3.58959 0.0198766 0.0198766 1 1 0
3.57006 0.0198528 0.0198528 1 1 0
3.55053 0.0198288 0.0198288 1 1 0
3.53101 0.0198046 0.0198046 1 1 0
3.51149 0.0197804 0.0197804 1 1 0
3.49198 0.019756 0.019756 1 1 0
3.47247 0.0197315 0.0197315 1 1 0
3.45297 0.0197069 0.0197069 1 1 0
3.43347 0.0196821 0.0196821 1 1 0
3.41398 0.0196572 0.0196572 1 1 0
3.39449 0.0196322 0.0196322 1 1 0
3.37501 0.0196071 0.0196071 1 1 0
3.35554 0.0195818 0.0195818 1 1 0
3.33607 0.0195564 0.0195564 1 1 0
3.3166 0.0195309 0.0195309 1 1 0
3.29714 0.0195052 0.0195052 1 1 0
3.27769 0.0194794 0.0194794 1 1 0
3.25824 0.0194534 0.0194534 1 1 0
3.2388 0.0194273 0.0194273 1 1 0
3.21937 0.0194011 0.0194011 1 1 0
3.19994 0.0193747 0.0193747 1 1 0
3.18052 0.0193482 0.0193482 1 1 0
3.1611 0.0193215 0.0193215 1 1 0
3.1417 0.0192947 0.0192947 1 1 0
3.12229 0.0192677 0.0192677 1 1 0
3.1029 0.0192406 0.0192406 1 1 0
3.08351 0.0192133 0.0192133 1 1 0
3.06413 0.0191859 0.0191859 1 1 0
3.04476 0.0191583 0.0191583 1 1 0
3.02539 0.0191305 0.0191305 1 1 0
3.00603 0.0191026 0.0191026 1 1 0
2.98668 0.0190746 0.0190746 1 1 0
2.96734 0.0190463 0.0190463 1 1 0
2.948 0.0190179 0.0190179 1 1 0
2.92867 0.0189894 0.0189894 1 1 0
2.90935 0.0189606 0.0189606 1 1 0
2.89004 0.0189317 0.0189317 1 1 0
2.87074 0.0189026 0.0189026 1 1 0
2.85144 0.0188734 0.0188734 1 1 0
2.83216 0.018844 0.018844 1 1 0
2.81288 0.0188144 0.0188144 1 1 0
2.79361 0.0187846 0.0187846 1 1 0
2.77436 0.0187546 0.0187546 1 1 0
2.75511 0.0187244 0.0187244 1 1 0
2.73587 0.0186941 0.0186941 1 1 0
2.71664 0.0186635 0.0186635 1 1 0
2.69742 0.0186328 0.0186328 1 1 0
2.67821 0.0186019 0.0186019 1 1 0
2.65901 0.0185708 0.0185708 1 1 0
2.63982 0.0185395 0.0185395 1 1 0
2.62064 0.0185079 0.0185079 1 1 0
2.60147 0.0184762 0.0184762 1 1 0
2.58232 0.0184443 0.0184443 1 1 0
2.56317 0.0184122 0.0184122 1 1 0
2.54404 0.0183798 0.0183798 1 1 0
2.52492 0.0183472 0.0183472 1 1 0
2.50581 0.0183145 0.0183145 1 1 0
2.48671 0.0182815 0.0182815 1 1 0
2.46762 0.0182482 0.0182482 1 1 0
2.44855 0.0182148 0.0182148 1 1 0
2.42949 0.0181811 0.0181811 1 1 0
2.41044 0.0181472 0.0181472 1 1 0
2.39141 0.0181131 0.0181131 1 1 0
2.39141 0.0181131 0.0181131 2 1 0
2.35339 0.0180441 0.0180441 1 1 0
2.3344 0.0180093 0.0180093 1 1 0
2.31542 0.0179742 0.0179742 1 1 0
2.29646 0.0179388 0.0179388 1 1 0
2.27751 0.0179032 0.0179032 1 1 0
2.25858 0.0178674 0.0178674 1 1 0
2.23967 0.0178313 0.0178313 1 1 0
2.22077 0.0177949 0.0177949 1 1 0
2.20189 0.0177583 0.0177583 1 1 0
2.18302 0.0177214 0.0177214 1 1 0
2.16418 0.0176842 0.0176842 1 1 0
2.14535 0.0176467 0.0176467 1 1 0
2.12653 0.017609 0.017609 1 1 0
2.10774 0.017571 0.017571 1 1 0
2.08897 0.0175327 0.0175327 1 1 0
2.07021 0.0174941 0.0174941 1 1 0
2.05148 0.0174552 0.0174552 1 1 0
2.03276 0.0174161 0.0174161 1 1 0
2.01407 0.0173766 0.0173766 1 1 0
1.99539 0.0173368 0.0173368 1 1 0
1.97674 0.0172967 0.0172967 1 1 0
1.95811 0.0172563 0.0172563 1 1 0
1.9395 0.0172155 0.0172155 1 1 0
1.92092 0.0171745 0.0171745 1 1 0
1.90236 0.0171331 0.0171331 1 1 0
1.88382 0.0170913 0.0170913 1 1 0
1.86531 0.0170493 0.0170493 1 1 0
1.84682 0.0170069 0.0170069 1 1 0
1.82836 0.0169641 0.0169641 1 1 0
1.80993 0.016921 0.016921 1 1 0
1.79152 0.0168776 0.0168776 1 1 0
1.77314 0.0168338 0.0168338 1 1 0
1.75479 0.0167896 0.0167896 1 1 0
1.73647 0.016745 0.016745 1 1 0
1.71818 0.0167001 0.0167001 1 1 0
1.69992 0.0166548 0.0166548 1 1 0
1.68169 0.0166091 0.0166091 1 1 0
1.66349 0.016563 0.016563 1 1 0
1.64532 0.0165165 0.0165165 1 1 0
1.62719 0.0164696 0.0164696 1 1 0
1.6091 0.0164223 0.0164223 1 1 0
1.59104 0.0163745 0.0163745 1 1 0
1.57301 0.0163264 0.0163264 1 1 0
1.55502 0.0162778 0.0162778 1 1 0
1.53707 0.0162288 0.0162288 1 1 0
1.51916 0.0161793 0.0161793 1 1 0
1.50129 0.0161294 0.0161294 1 1 0
1.48347 0.0160791 0.0160791 1 1 0
1.46568 0.0160283 0.0160283 1 1 0
1.44794 0.015977 0.015977 1 1 0
1.43024 0.0159253 0.0159253 1 1 0
1.41258 0.015873 0.015873 1 1 0
1.39498 0.0158203 0.0158203 1 1 0
1.37742 0.0157671 0.0157671 1 1 0
1.35991 0.0157134 0.0157134 1 1 0
1.34245 0.0156592 0.0156592 1 1 0
1.32504 0.0156045 0.0156045 1 1 0
1.30769 0.0155493 0.0155493 1 1 0
1.29039 0.0154935 0.0154935 1 1 0
1.27315 0.0154372 0.0154372 1 1 0
1.25596 0.0153804 0.0153804 1 1 0
1.23883 0.015323 0.015323 1 1 0
1.22177 0.0152651 0.0152651 1 1 0
1.20476 0.0152066 0.0152066 1 1 0
1.18782 0.0151475 0.0151475 1 1 0
1.17094 0.0150879 0.0150879 1 1 0
1.15414 0.0150277 0.0150277 1 1 0
1.1374 0.0149669 0.0149669 1 1 0
1.12073 0.0149055 0.0149055 1 1 0
1.10413 0.0148435 0.0148435 1 1 0
1.08761 0.0147809 0.0147809 1 1 0
1.07116 0.0147176 0.0147176 1 1 0
1.05479 0.0146538 0.0146538 1 1 0
1.03851 0.0145893 0.0145893 1 1 0
1.0223 0.0145242 0.0145242 1 1 0
1.00618 0.0144584 0.0144584 1 1 0
0.990144 0.014392 0.014392 1 1 0
0.974198 0.0143249 0.0143249 1 1 0
0.958342 0.0142572 0.0142572 1 1 0
0.94258 0.0141888 0.0141888 1 1 0
0.926913 0.0141197 0.0141197 1 1 0
0.911343 0.01405 0.01405 1 1 0
0.895874 0.0139796 0.0139796 1 1 0
0.880506 0.0139085 0.0139085 1 1 0
0.865244 0.0138366 0.0138366 1 1 0
0.850088 0.0137641 0.0137641 1 1 0
0.835043 0.0136909 0.0136909 1 1 0
0.820109 0.013617 0.013617 1 1 0
0.80529 0.0135424 0.0135424 1 1 0
0.790588 0.0134671 0.0134671 1 1 0
0.776006 0.013391 0.013391 1 1 0
0.761545 0.0133142 0.0133142 1 1 0
0.74721 0.0132368 0.0132368 1 1 0
0.733001 0.0131586 0.0131586 1 1 0
0.718922 0.0130796 0.0130796 1 1 0
0.704976 0.013 0.013 1 1 0
0.691164 0.0129196 0.0129196 1 1 0
0.677489 0.0128385 0.0128385 1 1 0
0.663953 0.0127567 0.0127567 1 1 0
0.65056 0.0126742 0.0126742 1 1 0
0.63731 0.012591 0.012591 1 1 0
0.624208 0.012507 0.012507 1 1 0
0.611254 0.0124224 0.0124224 1 1 0
0.598451 0.012337 0.012337 1 1 0
0.585801 0.0122509 0.0122509 1 1 0
0.573306 0.0121642 0.0121642 1 1 0
0.56097 0.0120767 0.0120767 1 1 0
0.548792 0.0119886 0.0119886 1 1 0
0.536775 0.0118998 0.0118998 1 1 0
0.524921 0.0118103 0.0118103 1 1 0
0.51323 0.0117201 0.0117201 1 1 0
0.501706 0.0116293 0.0116293 1 1 0
0.490349 0.0115378 0.0115378 1 1 0
0.479159 0.0114458 0.0114458 1 1 0
0.46814 0.011353 0.011353 1 1 0
0.457291 0.0112597 0.0112597 1 1 0
0.446613 0.0111657 0.0111657 1 1 0
0.436108 0.0110712 0.0110712 1 1 0
0.425776 0.0109761 0.0109761 1 1 0
0.415617 0.0108803 0.0108803 1 1 0
0.405631 0.0107841 0.0107841 1 1 0
0.39582 0.0106873 0.0106873 1 1 0
0.386183 0.0105899 0.0105899 1 1 0
0.37672 0.010492 0.010492 1 1 0
0.367431 0.0103936 0.0103936 1 1 0
0.358316 0.0102947 0.0102947 1 1 0
0.349374 0.0101953 0.0101953 1 1 0
0.340605 0.0100955 0.0100955 1 1 0
0.332007 0.00999515 0.00999515 1 1 0
0.323581 0.00989438 0.00989438 1 1 0
0.315325 0.00979318 0.00979318 1 1 0
0.307239 0.00969156 0.00969156 1 1 0
0.29932 0.00958953 0.00958953 1 1 0
0.291568 0.0094871 0.0094871 1 1 0
0.283982 0.0093843 0.0093843 1 1 0
0.27656 0.00928112 0.00928112 1 1 0
0.2693 0.00917759 0.00917759 1 1 0
0.262201 0.00907372 0.00907372 1 1 0
0.255261 0.00896951 0.00896951 1 1 0
0.248478 0.00886499 0.00886499 1 1 0
0.24185 0.00876016 0.00876016 1 1 0
0.235376 0.00865503 0.00865503 1 1 0
0.229053 0.00854962 0.00854962 1 1 0
0.222879 0.00844394 0.00844394 1 1 0
0.216853 0.00833799 0.00833799 1 1 0
0.210972 0.00823179 0.00823179 1 1 0
0.205233 0.00812536 0.00812536 1 1 0
0.199635 0.00801869 0.00801869 1 1 0
0.194176 0.0079118 0.0079118 1 1 0
0.188852 0.0078047 0.0078047 1 1 0
0.183662 0.00769739 0.00769739 1 1 0
0.178604 0.0075899 0.0075899 1 1 0
0.173674 0.00748222 0.00748222 1 1 0
0.168871 0.00737436 0.00737436 1 1 0
0.164192 0.00726633 0.00726633 1 1 0
0.159636 0.00715815 0.00715815 1 1 0
0.155199 0.0070498 0.0070498 1 1 0
0.150879 0.00694132 0.00694132 1 1 0
0.146673 0.00683269 0.00683269 1 1 0
0.142581 0.00672393 0.00672393 1 1 0
0.138598 0.00661505 0.00661505 1 1 0
0.134724 0.00650604 0.00650604 1 1 0
0.130955 0.00639692 0.00639692 1 1 0
0.127289 0.00628769 0.00628769 1 1 0
0.123724 0.00617836 0.00617836 1 1 0
0.120258 0.00606893 0.00606893 1 1 0
0.116889 0.00595941 0.00595941 1 1 0
0.113614 0.0058498 0.0058498 1 1 0
0.110432 0.0057401 0.0057401 1 1 0
0.107339 0.00563033 0.00563033 1 1 0
0.104335 0.00552048 0.00552048 1 1 0
0.101417 0.00541056 0.00541056 1 1 0
0.0985825 0.00530057 0.00530057 1 1 0
0.0958302 0.00519051 0.00519051 1 1 0
0.093158 0.0050804 0.0050804 1 1 0
0.0905638 0.00497023 0.00497023 1 1 0
0.0880459 0.00486 0.00486 1 1 0
0.0856022 0.00474972 0.00474972 1 1 0
0.0832311 0.0046394 0.0046394 1 1 0
0.0809306 0.00452902 0.00452902 1 1 0
0.0786991 0.00441861 0.00441861 1 1 0
0.0765348 0.00430815 0.00430815 1 1 0
0.074436 0.00419765 0.00419765 1 1 0
0.072401 0.00408712 0.00408712 1 1 0
0.0704283 0.00397655 0.00397655 1 1 0
0.0685161 0.00386595 0.00386595 1 1 0
0.066663 0.00375532 0.00375532 1 1 0
0.0648675 0.00364466 0.00364466 1 1 0
0.063128 0.00353397 0.00353397 1 1 0
0.061443 0.00342325 0.00342325 1 1 0
0.0598112 0.00331252 0.00331252 1 1 0
0.0582311 0.00320175 0.00320175 1 1 0
0.0567013 0.00309097 0.00309097 1 1 0
0.0552206 0.00298016 0.00298016 1 1 0
0.0537876 0.00286934 0.00286934 1 1 0
0.0524011 0.0027585 0.0027585 1 1 0
0.0510597 0.00264764 0.00264764 1 1 0
0.0497623 0.00253676 0.00253676 1 1 0
0.0485076 0.00242587 0.00242587 1 1 0
0.0485076 0.00242587 0.00242587 2 1 0
0.046122 0.00220405 0.00220405 1 1 0
0.0449889 0.00209312 0.00209312 1 1 0
0.0438939 0.00198217 0.00198217 1 1 0
0.0428363 0.00187122 0.00187122 1 1 0
0.0418148 0.00176026 0.00176026 1 1 0
0.0408285 0.00164928 0.00164928 1 1 0
0.0398764 0.0015383 0.0015383 1 1 0
0.0389575 0.0014273 0.0014273 1 1 0
0.038071 0.0013163 0.0013163 1 1 0
0.0372159 0.0012053 0.0012053 1 1 0
0.0363912 0.00109428 0.00109428 1 1 0
0.0355963 0.00098326 0.00098326 1 1 0
0.0348301 0.000872232 0.000872232 1 1 0
0.0340919 0.000761198 0.000761198 1 1 0
0.0333809 0.000650159 0.000650159 1 1 0
0.0326963 0.000539114 0.000539114 1 1 0
0.0320374 0.000428065 0.000428065 1 1 0
0.0314033 0.000317012 0.000317012 1 1 0
0.0307934 0.000205954 0.000205954 1 1 0
0.030207 9.4892e-05 9.4892e-05 1 1 0
0.0297268 2.7798e-07 2.7798e-07 1 1 0
0.0291806 -0.00011079 -0.00011079 2 1 0
0.0286574 -0.000221862 -0.000221862 2 1 0
0.028155 -0.000332936 -0.000332936 2 1 0
0.027673 -0.000444013 -0.000444013 2 1 0
0.0272107 -0.000555093 -0.000555093 2 1 0
0.0267674 -0.000666175 -0.000666175 2 1 0
0.0263427 -0.00077726 -0.00077726 2 1 0
0.025936 -0.000888346 -0.000888346 2 1 0
0.0255467 -0.000999434 -0.000999434 2 1 0
0.0251742 -0.00111052 -0.00111052 2 1 0
0.0248182 -0.00122162 -0.00122162 2 1 0
0.024478 -0.00133271 -0.00133271 2 1 0
0.0241532 -0.0014438 -0.0014438 2 1 0
0.0238433 -0.0015549 -0.0015549 2 1 0
0.0235479 -0.001666 -0.001666 2 1 0
0.0232665 -0.0017771 -0.0017771 2 1 0
0.0229986 -0.0018882 -0.0018882 2 1 0
0.0227439 -0.0019993 -0.0019993 2 1 0
0.0225019 -0.0021104 -0.0021104 2 1 0
0.0222722 -0.0022215 -0.0022215 2 1 0
0.0220545 -0.0023326 -0.0023326 2 1 0
0.0218483 -0.00244371 -0.00244371 2 1 0
0.0216532 -0.00255481 -0.00255481 2 1 0
0.021469 -0.00266591 -0.00266591 2 1 0
0.0212952 -0.00277702 -0.00277702 2 1 0
0.0211315 -0.00288813 -0.00288813 2 1 0
0.0209777 -0.00299923 -0.00299923 2 1 0
0.0208333 -0.00311034 -0.00311034 2 1 0
0.020698 -0.00322145 -0.00322145 2 1 0
0.0205716 -0.00333255 -0.00333255 2 1 0
0.0204537 -0.00344366 -0.00344366 2 1 0
0.0203441 -0.00355477 -0.00355477 2 1 0
0.0202424 -0.00366588 -0.00366588 2 1 0
0.0201485 -0.00377698 -0.00377698 2 1 0
0.020062 -0.00388809 -0.00388809 2 1 0
0.0199827 -0.0039992 -0.0039992 2 1 0
0.0199103 -0.00411031 -0.00411031 2 1 0
0.0198446 -0.00422142 -0.00422142 2 1 0
0.0197853 -0.00433253 -0.00433253 2 1 0
0.0197323 -0.00444364 -0.00444364 2 1 0
0.0196852 -0.00455475 -0.00455475 2 1 0
0.019644 -0.00466585 -0.00466585 2 1 0
0.0196083 -0.00477696 -0.00477696 2 1 0
0.019578 -0.00488807 -0.00488807 2 1 0
0.0195528 -0.00499918 -0.00499918 2 1 0
0.0195326 -0.00511029 -0.00511029 2 1 0
0.0195172 -0.0052214 -0.0052214 2 1 0
0.0195064 -0.00533251 -0.00533251 2 1 0
0.0195001 -0.00544362 -0.00544362 2 1 0
0.019498 -0.00555473 -0.00555473 2 1 0
0.019498 -0.00555557 -0.00555557 1 1 0
0.0195 -0.00566668 -0.00566668 1 1 0
0.0195059 -0.00577779 -0.00577779 1 1 0
0.0195156 -0.0058889 -0.0058889 1 1 0
0.019529 -0.00600001 -0.00600001 1 1 0
0.0195458 -0.00611112 -0.00611112 1 1 0
0.019566 -0.00622223 -0.00622223 1 1 0
0.0195893 -0.00633334 -0.00633334 1 1 0
0.0196157 -0.00644445 -0.00644445 1 1 0
0.019645 -0.00655556 -0.00655556 1 1 0
0.0196772 -0.00666667 -0.00666667 1 1 0
0.019712 -0.00677777 -0.00677777 1 1 0
0.0197493 -0.00688888 -0.00688888 1 1 0
0.0197891 -0.00699999 -0.00699999 1 1 0
0.0198313 -0.0071111 -0.0071111 1 1 0
0.0198757 -0.00722221 -0.00722221 1 1 0
0.0199222 -0.00733332 -0.00733332 1 1 0
0.0199707 -0.00744443 -0.00744443 1 1 0
0.0200211 -0.00755554 -0.00755554 1 1 0
0.0200734 -0.00766665 -0.00766665 1 1 0
0.0201274 -0.00777776 -0.00777776 1 1 0
0.020183 -0.00788887 -0.00788887 1 1 0
0.0202402 -0.00799997 -0.00799997 1 1 0
0.0202989 -0.00811108 -0.00811108 1 1 0
0.020359 -0.00822219 -0.00822219 1 1 0
0.0204204 -0.0083333 -0.0083333 1 1 0
0.020483 -0.00844441 -0.00844441 1 1 0
0.0205468 -0.00855552 -0.00855552 1 1 0
0.0206117 -0.00866663 -0.00866663 1 1 0
0.0206776 -0.00877774 -0.00877774 1 1 0
0.0207445 -0.00888885 -0.00888885 1 1 0
0.0208123 -0.00899995 -0.00899995 1 1 0
0.0208809 -0.00911106 -0.00911106 1 1 0
0.0209503 -0.00922217 -0.00922217 1 1 0
0.0210204 -0.00933328 -0.00933328 1 1 0
0.0210912 -0.00944439 -0.00944439 1 1 0
0.0211626 -0.0095555 -0.0095555 1 1 0
0.0212345 -0.00966661 -0.00966661 1 1 0
0.021307 -0.00977772 -0.00977772 1 1 0
0.0213799 -0.00988882 -0.00988882 1 1 0
0.0214532 -0.00999993 -0.00999993 1 1 0
0.0215269 -0.010111 -0.010111 1 1 0
0.0216009 -0.0102222 -0.0102222 1 1 0
0.0216752 -0.0103333 -0.0103333 1 1 0
0.0217498 -0.0104444 -0.0104444 1 1 0
0.0218245 -0.0105555 -0.0105555 1 1 0
0.0218994 -0.0106666 -0.0106666 1 1 0
0.0219745 -0.0107777 -0.0107777 1 1 0
0.0220496 -0.0108888 -0.0108888 1 1 0
0.0221248 -0.0109999 -0.0109999 1 1 0
0.0222 -0.011111 -0.011111 1 1 0
0.0222753 -0.0112221 -0.0112221 1 1 0
0.0223505 -0.0113332 -0.0113332 1 1 0
0.0224256 -0.0114443 -0.0114443 1 1 0
0.0225007 -0.0115555 -0.0115555 1 1 0
0.0225756 -0.0116666 -0.0116666 1 1 0
0.0226504 -0.0117777 -0.0117777 1 1 0
0.0227251 -0.0118888 -0.0118888 1 1 0
0.0227996 -0.0119999 -0.0119999 1 1 0
0.0228738 -0.012111 -0.012111 1 1 0
0.0229479 -0.0122221 -0.0122221 1 1 0
0.0230217 -0.0123332 -0.0123332 1 1 0
0.0230952 -0.0124443 -0.0124443 1 1 0
0.0231684 -0.0125554 -0.0125554 1 1 0
0.0232414 -0.0126665 -0.0126665 1 1 0
0.023314 -0.0127776 -0.0127776 1 1 0
0.0233863 -0.0128888 -0.0128888 1 1 0
0.0234582 -0.0129999 -0.0129999 1 1 0
0.0235298 -0.013111 -0.013111 1 1 0
0.023601 -0.0132221 -0.0132221 1 1 0
0.0236718 -0.0133332 -0.0133332 1 1 0
0.0237422 -0.0134443 -0.0134443 1 1 0
0.0238122 -0.0135554 -0.0135554 1 1 0
0.0238818 -0.0136665 -0.0136665 1 1 0
0.0239509 -0.0137776 -0.0137776 1 1 0
0.0240196 -0.0138887 -0.0138887 1 1 0
0.0240878 -0.0139998 -0.0139998 1 1 0
0.0241555 -0.014111 -0.014111 1 1 0
0.0242228 -0.0142221 -0.0142221 1 1 0
0.0242896 -0.0143332 -0.0143332 1 1 0
0.0243559 -0.0144443 -0.0144443 1 1 0
0.0244218 -0.0145554 -0.0145554 1 1 0
0.0244871 -0.0146665 -0.0146665 1 1 0
0.0245519 -0.0147776 -0.0147776 1 1 0
0.0246162 -0.0148887 -0.0148887 1 1 0
0.0246799 -0.0149998 -0.0149998 1 1 0
0.0247432 -0.0151109 -0.0151109 1 1 0
0.0248059 -0.015222 -0.015222 1 1 0
0.0248681 -0.0153332 -0.0153332 1 1 0
0.0249298 -0.0154443 -0.0154443 1 1 0
0.0249909 -0.0155554 -0.0155554 1 1 0
0.0250515 -0.0156665 -0.0156665 1 1 0
0.0251115 -0.0157776 -0.0157776 1 1 0
0.025171 -0.0158887 -0.0158887 1 1 0
0.02523 -0.0159998 -0.0159998 1 1 0
0.0252884 -0.0161109 -0.0161109 1 1 0
0.0253462 -0.016222 -0.016222 1 1 0
0.0254035 -0.0163331 -0.0163331 1 1 0
0.0254602 -0.0164442 -0.0164442 1 1 0
0.0255164 -0.0165553 -0.0165553 1 1 0
0.0255721 -0.0166665 -0.0166665 1 1 0
0.0256271 -0.0167776 -0.0167776 1 1 0
0.0256817 -0.0168887 -0.0168887 1 1 0
0.0257356 -0.0169998 -0.0169998 1 1 0
0.0257891 -0.0171109 -0.0171109 1 1 0
0.0258419 -0.017222 -0.017222 1 1 0
0.0258943 -0.0173331 -0.0173331 1 1 0
0.025946 -0.0174442 -0.0174442 1 1 0
0.0259972 -0.0175553 -0.0175553 1 1 0
0.0260479 -0.0176664 -0.0176664 1 1 0
0.026098 -0.0177775 -0.0177775 1 1 0
0.0261476 -0.0178887 -0.0178887 1 1 0
0.0261967 -0.0179998 -0.0179998 1 1 0
0.0262452 -0.0181109 -0.0181109 1 1 0
0.0262931 -0.018222 -0.018222 1 1 0
0.0263406 -0.0183331 -0.0183331 1 1 0
0.0263875 -0.0184442 -0.0184442 1 1 0
0.0264338 -0.0185553 -0.0185553 1 1 0
0.0264797 -0.0186664 -0.0186664 1 1 0
0.026525 -0.0187775 -0.0187775 1 1 0
0.0265698 -0.0188886 -0.0188886 1 1 0
0.026614 -0.0189997 -0.0189997 1 1 0
0.0266578 -0.0191109 -0.0191109 1 1 0
0.026701 -0.019222 -0.019222 1 1 0
0.0267438 -0.0193331 -0.0193331 1 1 0
0.026786 -0.0194442 -0.0194442 1 1 0
0.0268277 -0.0195553 -0.0195553 1 1 0
0.0268689 -0.0196664 -0.0196664 1 1 0
0.0297254 2.7798e-07 2.7798e-07 2 2 0
0.026951 2.45575e-21 2.45575e-21 1 2 0
0.024178 -6.66705e-13 -6.66705e-13 1 2 0
0.0214051 -1.4634e-18 -1.4634e-18 1 2 0
0.0186321 9.10388e-23 9.10388e-23 1 2 0
0.0158592 1.92593e-34 1.92593e-34 1 2 0
0.0130862 1.17549e-38 1.17549e-38 1 2 0
0.0103133 6.41464e-50 6.41464e-50 1 2 0
0.0075403 0 0 1 2 0
0.00476735 0 0 1 2 0
0.00199439 0 0 1 2 0
-0.000778568 0 0 1 2 0
0.0297254 2.7798e-07 2.7798e-07 2 2 0
0.0324963 1.25364e-13 1.25364e-13 1 2 0
0.0352699 -5.87478e-13 -5.87478e-13 2 2 0
0.0380429 -1.29446e-18 -1.29446e-18 2 2 0
0.0408158 -6.86481e-23 -6.86481e-23 2 2 0
0.0435888 7.70372e-34 7.70372e-34 2 2 0
0.0463618 0 0 2 2 0
0.0491347 0 0 2 2 0
0.0519077 0 0 2 2 0
0.0546806 0 0 2 2 0
0.0574536 0 0 2 2 0
0.0602265 0 0 2 2 0
0.0629995 0 0 2 2 0
0.0657725 0 0 2 2 0
0.0685454 0 0 2 2 0
0.0713184 0 0 2 2 0
0.0740913 0 0 2 2 0
0.0768643 0 0 2 2 0
0.0796373 0 0 2 2 0
0.0824102 0 0 2 2 0
0.0851832 0 0 2 2 0
0.0879561 0 0 2 2 0
0.0907291 0 0 2 2 0
0.093502 0 0 2 2 0
0.096275 0 0 2 2 0
0.099048 0 0 2 2 0
0.101821 0 0 2 2 0
0.104594 0 0 2 2 0
0.107367 0 0 2 2 0
0.11014 0 0 2 2 0
0.112913 0 0 2 2 0
0.115686 0 0 2 2 0
0.118459 0 0 2 2 0
0.121232 0 0 2 2 0
0.124005 0 0 2 2 0
0.126778 0 0 2 2 0
0.12955 0 0 2 2 0
0.132323 0 0 2 2 0
0.135096 0 0 2 2 0
0.137869 0 0 2 2 0
0.140642 0 0 2 2 0
0.143415 0 0 2 2 0
0.146188 0 0 2 2 0
0.148961 0 0 2 2 0
0.151734 0 0 2 2 0
0.154507 0 0 2 2 0
0.15728 0 0 2 2 0
0.160053 0 0 2 2 0
0.162826 0 0 2 2 0
0.165599 0 0 2 2 0
0.168372 0 0 2 2 0
0.171145 0 0 2 2 0
0.173918 0 0 2 2 0
0.176691 0 0 2 2 0
0.179464 0 0 2 2 0
0.182237 0 0 2 2 0
0.18501 0 0 2 2 0
0.187783 0 0 2 2 0
0.190556 0 0 2 2 0
0.193328 0 0 2 2 0
0.196101 0 0 2 2 0
0.198874 0 0 2 2 0
0.201647 0 0 2 2 0
0.20442 0 0 2 2 0
0.207193 0 0 2 2 0
0.209966 0 0 2 2 0
0.212739 0 0 2 2 0
0.215512 0 0 2 2 0
0.218285 0 0 2 2 0
0.221058 0 0 2 2 0
0.223831 0 0 2 2 0
0.226604 0 0 2 2 0
0.229377 0 0 2 2 0
0.23215 0 0 2 2 0
0.234923 0 0 2 2 0
0.237696 0 0 2 2 0
0.240469 0 0 2 2 0
0.243242 0 0 2 2 0
0.246015 0 0 2 2 0
0.248788 0 0 2 2 0
0.251561 0 0 2 2 0
0.254334 0 0 2 2 0
0.257107 0 0 2 2 0
0.259879 0 0 2 2 0
0.262652 0 0 2 2 0
0.265425 0 0 2 2 0
0.268198 0 0 2 2 0
0.270971 0 0 2 2 0
0.273744 0 0 2 2 0
0.276517 0 0 2 2 0
0.27929 0 0 2 2 0
0.282063 0 0 2 2 0
0.284836 0 0 2 2 0
0.287609 0 0 2 2 0
0.290382 0 0 2 2 0
0.293155 0 0 2 2 0
0.295928 0 0 2 2 0
0.298701 0 0 2 2 0
0.301474 0 0 2 2 0
0.304247 0 0 2 2 0
0.30702 0 0 2 2 0
0.309793 0 0 2 2 0
0.312566 0 0 2 2 0
0.315339 0 0 2 2 0
0.318112 0 0 2 2 0
0.320885 0 0 2 2 0
0.323657 0 0 2 2 0
0.32643 0 0 2 2 0
0.329203 0 0 2 2 0
0.331976 0 0 2 2 0
0.334749 0 0 2 2 0
0.337522 0 0 2 2 0
0.340295 0 0 2 2 0
0.343068 0 0 2 2 0
0.345841 0 0 2 2 0
0.348614 0 0 2 2 0
0.351387 0 0 2 2 0
0.35416 0 0 2 2 0
0.356933 0 0 2 2 0
0.359706 0 0 2 2 0
0.362479 0 0 2 2 0
0.365252 0 0 2 2 0
0.368025 0 0 2 2 0
0.370798 0 0 2 2 0
0.373571 0 0 2 2 0
0.376344 0 0 2 2 0
0.379117 0 0 2 2 0
0.38189 0 0 2 2 0
0.384663 0 0 2 2 0
0.387435 0 0 2 2 0
0.390208 0 0 2 2 0
0.392981 0 0 2 2 0
0.395754 0 0 2 2 0
0.398527 0 0 2 2 0
0.4013 0 0 2 2 0
0.404073 0 0 2 2 0
0.406846 0 0 2 2 0
0.409619 0 0 2 2 0
0.412392 0 0 2 2 0
0.415165 0 0 2 2 0
0.417938 0 0 2 2 0
0.420711 0 0 2 2 0
0.423484 0 0 2 2 0
0.426257 0 0 2 2 0
0.42903 0 0 2 2 0
0.431803 0 0 2 2 0
0.434576 0 0 2 2 0
0.437349 0 0 2 2 0
0.440122 0 0 2 2 0
0.442895 0 0 2 2 0
0.445668 0 0 2 2 0
0.448441 0 0 2 2 0
0.451214 0 0 2 2 0
0.453986 0 0 2 2 0
0.456759 0 0 2 2 0
0.459532 0 0 2 2 0
0.462305 0 0 2 2 0
0.465078 0 0 2 2 0
0.467851 0 0 2 2 0
0.470624 0 0 2 2 0
0.473397 0 0 2 2 0
0.47617 0 0 2 2 0
0.478943 0 0 2 2 0
0.481716 0 0 2 2 0
0.484489 0 0 2 2 0
0.487262 0 0 2 2 0
0.490035 0 0 2 2 0
0.492808 0 0 2 2 0
0.495581 0 0 2 2 0
0.498354 0 0 2 2 0
0.501127 0 0 2 2 0
0.5039 0 0 2 2 0
0.506673 0 0 2 2 0
0.509446 0 0 2 2 0
0.512219 0 0 2 2 0
0.514992 0 0 2 2 0
0.517764 0 0 2 2 0
0.520537 0 0 2 2 0
0.52331 0 0 2 2 0
0.526083 0 0 2 2 0
0.528856 0 0 2 2 0
0.531629 0 0 2 2 0
0.534402 0 0 2 2 0
0.537175 0 0 2 2 0
0.539948 0 0 2 2 0
0.542721 0 0 2 2 0
0.545494 0 0 2 2 0
0.548267 0 0 2 2 0
0.55104 0 0 2 2 0
0.553813 0 0 2 2 0
0.556586 0 0 2 2 0
0.559359 0 0 2 2 0
0.562132 0 0 2 2 0
0.564905 0 0 2 2 0
0.567678 0 0 2 2 0
0.570451 0 0 2 2 0
0.573224 0 0 2 2 0
0.575997 0 0 2 2 0
0.57877 0 0 2 2 0
0.581542 0 0 2 2 0
