14.28 4.68293 4.68293 2 1 0
14.3161 4.69552 4.69552 1 1 0
14.3361 4.69667 4.69667 1 1 0
14.3561 4.69782 4.69782 1 1 0
14.376 4.69897 4.69897 1 1 0
14.396 4.70012 4.70012 1 1 0
14.416 4.70126 4.70126 1 1 0
14.4359 4.7024 4.7024 1 1 0
14.4559 4.70355 4.70355 1 1 0
14.4759 4.70469 4.70469 1 1 0
14.4959 4.70583 4.70583 1 1 0
14.5158 4.70696 4.70696 1 1 0
14.5358 4.7081 4.7081 1 1 0
14.5558 4.70924 4.70924 1 1 0
14.5757 4.71037 4.71037 1 1 0
14.5957 4.7115 4.7115 1 1 0
14.6157 4.71263 4.71263 1 1 0
14.6356 4.71376 4.71376 1 1 0
14.6556 4.71489 4.71489 1 1 0
14.6756 4.71601 4.71601 1 1 0
14.6955 4.71714 4.71714 1 1 0
14.7155 4.71826 4.71826 1 1 0
14.7355 4.71938 4.71938 1 1 0
14.7554 4.7205 4.7205 1 1 0
14.7754 4.72162 4.72162 1 1 0
14.7954 4.72273 4.72273 1 1 0
14.8153 4.72385 4.72385 1 1 0
14.8353 4.72496 4.72496 1 1 0
14.8553 4.72608 4.72608 1 1 0
14.8752 4.72719 4.72719 1 1 0
14.8952 4.7283 4.7283 1 1 0
14.9152 4.7294 4.7294 1 1 0
14.9352 4.73051 4.73051 1 1 0
14.9551 4.73162 4.73162 1 1 0
14.9751 4.73272 4.73272 1 1 0
14.9951 4.73382 4.73382 1 1 0
15.015 4.73492 4.73492 1 1 0
15.035 4.73602 4.73602 1 1 0
15.055 4.73712 4.73712 1 1 0
15.0749 4.73822 4.73822 1 1 0
15.0949 4.73931 4.73931 1 1 0
15.1149 4.74041 4.74041 1 1 0
15.1349 4.7415 4.7415 1 1 0
15.1548 4.74259 4.74259 1 1 0
15.1748 4.74368 4.74368 1 1 0
15.1948 4.74477 4.74477 1 1 0
15.2147 4.74586 4.74586 1 1 0
15.2347 4.74694 4.74694 1 1 0
15.2547 4.74803 4.74803 1 1 0
15.2746 4.74911 4.74911 1 1 0
15.2946 4.75019 4.75019 1 1 0
15.3146 4.75127 4.75127 1 1 0
15.3346 4.75235 4.75235 1 1 0
15.3545 4.75343 4.75343 1 1 0
15.3745 4.7545 4.7545 1 1 0
15.3945 4.75558 4.75558 1 1 0
15.4144 4.75665 4.75665 1 1 0
15.4344 4.75772 4.75772 1 1 0
15.4544 4.75879 4.75879 1 1 0
15.4744 4.75986 4.75986 1 1 0
15.4943 4.76093 4.76093 1 1 0
15.5143 4.762 4.762 1 1 0
15.5343 4.76306 4.76306 1 1 0
15.5542 4.76413 4.76413 1 1 0
15.5742 4.76519 4.76519 1 1 0
15.5942 4.76625 4.76625 1 1 0
15.6142 4.76731 4.76731 1 1 0
15.6341 4.76837 4.76837 1 1 0
15.6541 4.76943 4.76943 1 1 0
15.6741 4.77048 4.77048 1 1 0
15.694 4.77154 4.77154 1 1 0
15.714 4.77259 4.77259 1 1 0
15.734 4.77364 4.77364 1 1 0
15.754 4.77469 4.77469 1 1 0
15.7739 4.77574 4.77574 1 1 0
15.7939 4.77679 4.77679 1 1 0
15.8139 4.77784 4.77784 1 1 0
15.8339 4.77888 4.77888 1 1 0
15.8538 4.77993 4.77993 1 1 0
15.8738 4.78097 4.78097 1 1 0
15.8938 4.78201 4.78201 1 1 0
15.9137 4.78305 4.78305 1 1 0
15.9337 4.78409 4.78409 1 1 0
15.9537 4.78513 4.78513 1 1 0
15.9737 4.78617 4.78617 1 1 0
15.9936 4.7872 4.7872 1 1 0
16.0136 4.78824 4.78824 1 1 0
16.0336 4.78927 4.78927 1 1 0
16.0536 4.7903 4.7903 1 1 0
16.0735 4.79133 4.79133 1 1 0
16.0935 4.79236 4.79236 1 1 0
16.1135 4.79339 4.79339 1 1 0
16.1335 4.79442 4.79442 1 1 0
16.1534 4.79544 4.79544 1 1 0
16.1734 4.79647 4.79647 1 1 0
16.1934 4.79749 4.79749 1 1 0
16.2133 4.79851 4.79851 1 1 0
16.2333 4.79953 4.79953 1 1 0
16.2533 4.80055 4.80055 1 1 0
16.2733 4.80157 4.80157 1 1 0
16.2932 4.80259 4.80259 1 1 0
16.3132 4.8036 4.8036 1 1 0
16.3332 4.80462 4.80462 1 1 0
16.3532 4.80563 4.80563 1 1 0
16.3731 4.80664 4.80664 1 1 0
16.3931 4.80766 4.80766 1 1 0
16.4131 4.80867 4.80867 1 1 0
16.4331 4.80967 4.80967 1 1 0
16.453 4.81068 4.81068 1 1 0
16.473 4.81169 4.81169 1 1 0
16.493 4.81269 4.81269 1 1 0
16.513 4.8137 4.8137 1 1 0
16.5329 4.8147 4.8147 1 1 0
16.5529 4.8157 4.8157 1 1 0
16.5729 4.8167 4.8167 1 1 0
16.5929 4.8177 4.8177 1 1 0
16.6128 4.8187 4.8187 1 1 0
16.6328 4.8197 4.8197 1 1 0
16.6528 4.82069 4.82069 1 1 0
16.6728 4.82169 4.82169 1 1 0
16.6927 4.82268 4.82268 1 1 0
16.7127 4.82367 4.82367 1 1 0
16.7327 4.82466 4.82466 1 1 0
16.7527 4.82565 4.82565 1 1 0
16.7726 4.82664 4.82664 1 1 0
16.7926 4.82763 4.82763 1 1 0
16.8126 4.82862 4.82862 1 1 0
16.8326 4.8296 4.8296 1 1 0
16.8525 4.83059 4.83059 1 1 0
16.8725 4.83157 4.83157 1 1 0
16.8925 4.83255 4.83255 1 1 0
16.9125 4.83353 4.83353 1 1 0
16.9324 4.83451 4.83451 1 1 0
16.9524 4.83549 4.83549 1 1 0
16.9724 4.83647 4.83647 1 1 0
16.9924 4.83745 4.83745 1 1 0
17.0124 4.83842 4.83842 1 1 0
17.0323 4.8394 4.8394 1 1 0
17.0523 4.84037 4.84037 1 1 0
17.0723 4.84134 4.84134 1 1 0
17.0923 4.84231 4.84231 1 1 0
17.1122 4.84328 4.84328 1 1 0
17.1322 4.84425 4.84425 1 1 0
17.1522 4.84522 4.84522 1 1 0
17.1722 4.84618 4.84618 1 1 0
17.1921 4.84715 4.84715 1 1 0
17.2121 4.84811 4.84811 1 1 0
17.2321 4.84908 4.84908 1 1 0
17.2521 4.85004 4.85004 1 1 0
17.272 4.851 4.851 1 1 0
17.292 4.85196 4.85196 1 1 0
17.312 4.85292 4.85292 1 1 0
17.332 4.85388 4.85388 1 1 0
17.352 4.85483 4.85483 1 1 0
17.3719 4.85579 4.85579 1 1 0
17.3919 4.85674 4.85674 1 1 0
17.4119 4.8577 4.8577 1 1 0
17.4319 4.85865 4.85865 1 1 0
17.4518 4.8596 4.8596 1 1 0
17.4718 4.86055 4.86055 1 1 0
17.4918 4.8615 4.8615 1 1 0
17.5118 4.86245 4.86245 1 1 0
17.5318 4.8634 4.8634 1 1 0
17.5517 4.86434 4.86434 1 1 0
17.5717 4.86529 4.86529 1 1 0
17.5917 4.86623 4.86623 1 1 0
17.6117 4.86718 4.86718 1 1 0
17.6316 4.86812 4.86812 1 1 0
17.6516 4.86906 4.86906 1 1 0
17.6716 4.87 4.87 1 1 0
17.6916 4.87094 4.87094 1 1 0
17.7116 4.87188 4.87188 1 1 0
17.7315 4.87281 4.87281 1 1 0
17.7515 4.87375 4.87375 1 1 0
17.7715 4.87468 4.87468 1 1 0
17.7915 4.87562 4.87562 1 1 0
17.8114 4.87655 4.87655 1 1 0
17.8314 4.87748 4.87748 1 1 0
17.8514 4.87841 4.87841 1 1 0
17.8714 4.87934 4.87934 1 1 0
17.8914 4.88027 4.88027 1 1 0
17.9113 4.8812 4.8812 1 1 0
17.9313 4.88213 4.88213 1 1 0
17.9513 4.88305 4.88305 1 1 0
17.9713 4.88398 4.88398 1 1 0
17.9912 4.8849 4.8849 1 1 0
18.0112 4.88582 4.88582 1 1 0
18.0312 4.88675 4.88675 1 1 0
18.0512 4.88767 4.88767 1 1 0
18.0712 4.88859 4.88859 1 1 0
18.0911 4.88951 4.88951 1 1 0
18.1111 4.89042 4.89042 1 1 0
18.1311 4.89134 4.89134 1 1 0
18.1511 4.89226 4.89226 1 1 0
18.1711 4.89317 4.89317 1 1 0
18.191 4.89409 4.89409 1 1 0
18.211 4.895 4.895 1 1 0
18.231 4.89591 4.89591 1 1 0
18.251 4.89682 4.89682 1 1 0
18.271 4.89773 4.89773 1 1 0
18.271 4.89773 4.89773 2 1 0
18.3109 4.89955 4.89955 1 1 0
18.3309 4.90046 4.90046 1 1 0
18.3509 4.90136 4.90136 1 1 0
18.3709 4.90227 4.90227 1 1 0
18.3908 4.90317 4.90317 1 1 0
18.4108 4.90407 4.90407 1 1 0
18.4308 4.90498 4.90498 1 1 0
18.4508 4.90588 4.90588 1 1 0
18.4708 4.90678 4.90678 1 1 0
18.4907 4.90768 4.90768 1 1 0
18.5107 4.90858 4.90858 1 1 0
18.5307 4.90947 4.90947 1 1 0
18.5507 4.91037 4.91037 1 1 0
18.5706 4.91127 4.91127 1 1 0
18.5906 4.91216 4.91216 1 1 0
18.6106 4.91306 4.91306 1 1 0
18.6306 4.91395 4.91395 1 1 0
18.6506 4.91484 4.91484 1 1 0
18.6706 4.91573 4.91573 1 1 0
18.6905 4.91662 4.91662 1 1 0
18.7105 4.91751 4.91751 1 1 0
18.7305 4.9184 4.9184 1 1 0
18.7505 4.91929 4.91929 1 1 0
18.7705 4.92017 4.92017 1 1 0
18.7904 4.92106 4.92106 1 1 0
18.8104 4.92194 4.92194 1 1 0
18.8304 4.92283 4.92283 1 1 0
18.8504 4.92371 4.92371 1 1 0
18.8704 4.92459 4.92459 1 1 0
18.8903 4.92547 4.92547 1 1 0
18.9103 4.92635 4.92635 1 1 0
18.9303 4.92723 4.92723 1 1 0
18.9503 4.92811 4.92811 1 1 0
18.9703 4.92899 4.92899 1 1 0
18.9902 4.92987 4.92987 1 1 0
19.0102 4.93074 4.93074 1 1 0
19.0302 4.93162 4.93162 1 1 0
19.0502 4.93249 4.93249 1 1 0
19.0702 4.93336 4.93336 1 1 0
19.0901 4.93423 4.93423 1 1 0
19.1101 4.93511 4.93511 1 1 0
19.1301 4.93598 4.93598 1 1 0
19.1501 4.93685 4.93685 1 1 0
19.1701 4.93771 4.93771 1 1 0
19.19 4.93858 4.93858 1 1 0
19.21 4.93945 4.93945 1 1 0
19.23 4.94031 4.94031 1 1 0
19.25 4.94118 4.94118 1 1 0
19.27 4.94204 4.94204 1 1 0
19.29 4.94291 4.94291 1 1 0
19.3099 4.94377 4.94377 1 1 0
19.3299 4.94463 4.94463 1 1 0
19.3499 4.94549 4.94549 1 1 0
19.3699 4.94635 4.94635 1 1 0
19.3899 4.94721 4.94721 1 1 0
19.4098 4.94807 4.94807 1 1 0
19.4298 4.94893 4.94893 1 1 0
19.4498 4.94978 4.94978 1 1 0
19.4698 4.95064 4.95064 1 1 0
19.4898 4.95149 4.95149 1 1 0
19.5098 4.95235 4.95235 1 1 0
19.5297 4.9532 4.9532 1 1 0
19.5497 4.95405 4.95405 1 1 0
19.5697 4.9549 4.9549 1 1 0
19.5897 4.95575 4.95575 1 1 0
19.6097 4.9566 4.9566 1 1 0
19.6296 4.95745 4.95745 1 1 0
19.6496 4.9583 4.9583 1 1 0
19.6696 4.95915 4.95915 1 1 0
19.6896 4.95999 4.95999 1 1 0
19.7053 4.96066 4.96066 2 1 0
19.7253 4.9615 4.9615 2 1 0
19.7453 4.96235 4.96235 2 1 0
19.7653 4.96319 4.96319 2 1 0
19.7853 4.96403 4.96403 2 1 0
19.8052 4.96488 4.96488 2 1 0
19.8252 4.96572 4.96572 2 1 0
19.8452 4.96656 4.96656 2 1 0
19.8652 4.96739 4.96739 2 1 0
19.8852 4.96823 4.96823 2 1 0
19.9052 4.96907 4.96907 2 1 0
19.9251 4.96991 4.96991 2 1 0
19.9451 4.97074 4.97074 2 1 0
19.9651 4.97158 4.97158 2 1 0
19.9851 4.97241 4.97241 2 1 0
20.0051 4.97325 4.97325 2 1 0
20.0251 4.97408 4.97408 2 1 0
20.045 4.97491 4.97491 2 1 0
20.065 4.97574 4.97574 2 1 0
20.085 4.97657 4.97657 2 1 0
20.105 4.9774 4.9774 2 1 0
20.125 4.97823 4.97823 2 1 0
20.145 4.97906 4.97906 2 1 0
20.1649 4.97988 4.97988 2 1 0
20.1849 4.98071 4.98071 2 1 0
20.2049 4.98153 4.98153 2 1 0
20.2249 4.98236 4.98236 2 1 0
20.2449 4.98318 4.98318 2 1 0
20.2648 4.984 4.984 2 1 0
20.2848 4.98483 4.98483 2 1 0
20.3048 4.98565 4.98565 2 1 0
20.3248 4.98647 4.98647 2 1 0
20.3448 4.98729 4.98729 2 1 0
20.3648 4.98811 4.98811 2 1 0
20.3847 4.98893 4.98893 2 1 0
20.4047 4.98974 4.98974 2 1 0
20.4247 4.99056 4.99056 2 1 0
20.4447 4.99138 4.99138 2 1 0
20.4647 4.99219 4.99219 2 1 0
20.4847 4.99301 4.99301 2 1 0
20.5046 4.99382 4.99382 2 1 0
20.5246 4.99463 4.99463 2 1 0
20.5446 4.99544 4.99544 2 1 0
20.5646 4.99625 4.99625 2 1 0
20.5846 4.99707 4.99707 2 1 0
20.6046 4.99787 4.99787 2 1 0
20.6245 4.99868 4.99868 2 1 0
20.6445 4.99949 4.99949 2 1 0
20.6645 5.0003 5.0003 2 1 0
20.6845 5.00111 5.00111 2 1 0
20.7045 5.00191 5.00191 2 1 0
20.7245 5.00272 5.00272 2 1 0
20.7445 5.00352 5.00352 2 1 0
20.7644 5.00433 5.00433 2 1 0
20.7844 5.00513 5.00513 2 1 0
20.8044 5.00593 5.00593 2 1 0
20.8244 5.00673 5.00673 2 1 0
20.8444 5.00753 5.00753 2 1 0
20.8644 5.00833 5.00833 2 1 0
20.8843 5.00913 5.00913 2 1 0
20.9043 5.00993 5.00993 2 1 0
20.9243 5.01073 5.01073 2 1 0
20.9443 5.01152 5.01152 2 1 0
20.9643 5.01232 5.01232 2 1 0
20.9843 5.01312 5.01312 2 1 0
21.0042 5.01391 5.01391 2 1 0
21.0242 5.0147 5.0147 2 1 0
21.0442 5.0155 5.0155 2 1 0
21.0642 5.01629 5.01629 2 1 0
21.0842 5.01708 5.01708 2 1 0
21.1042 5.01787 5.01787 2 1 0
21.1242 5.01866 5.01866 2 1 0
21.1441 5.01945 5.01945 2 1 0
21.1641 5.02024 5.02024 2 1 0
21.1841 5.02103 5.02103 2 1 0
21.2041 5.02182 5.02182 2 1 0
21.2241 5.0226 5.0226 2 1 0
21.2441 5.02339 5.02339 2 1 0
21.264 5.02418 5.02418 2 1 0
21.284 5.02496 5.02496 2 1 0
21.304 5.02574 5.02574 2 1 0
21.324 5.02653 5.02653 2 1 0
21.344 5.02731 5.02731 2 1 0
21.364 5.02809 5.02809 2 1 0
21.384 5.02887 5.02887 2 1 0
21.4039 5.02965 5.02965 2 1 0
21.4239 5.03043 5.03043 2 1 0
21.4439 5.03121 5.03121 2 1 0
21.4639 5.03199 5.03199 2 1 0
21.4839 5.03277 5.03277 2 1 0
21.5039 5.03354 5.03354 2 1 0
21.5238 5.03432 5.03432 2 1 0
21.5438 5.0351 5.0351 2 1 0
21.5638 5.03587 5.03587 2 1 0
21.5838 5.03664 5.03664 2 1 0
21.6038 5.03742 5.03742 2 1 0
21.6238 5.03819 5.03819 2 1 0
21.6438 5.03896 5.03896 2 1 0
21.6637 5.03973 5.03973 2 1 0
21.6837 5.0405 5.0405 2 1 0
21.7037 5.04127 5.04127 2 1 0
21.7237 5.04204 5.04204 2 1 0
21.7437 5.04281 5.04281 2 1 0
21.7637 5.04358 5.04358 2 1 0
21.7837 5.04435 5.04435 2 1 0
21.8036 5.04511 5.04511 2 1 0
21.8236 5.04588 5.04588 2 1 0
21.8436 5.04664 5.04664 2 1 0
21.8636 5.04741 5.04741 2 1 0
21.8836 5.04817 5.04817 2 1 0
21.9036 5.04893 5.04893 2 1 0
21.9235 5.0497 5.0497 2 1 0
21.9435 5.05046 5.05046 2 1 0
21.9635 5.05122 5.05122 2 1 0
21.9835 5.05198 5.05198 2 1 0
22.0035 5.05274 5.05274 2 1 0
22.0235 5.0535 5.0535 2 1 0
22.0435 5.05425 5.05425 2 1 0
22.0634 5.05501 5.05501 2 1 0
22.0834 5.05577 5.05577 2 1 0
22.1034 5.05653 5.05653 2 1 0
22.1234 5.05728 5.05728 2 1 0
22.1434 5.05804 5.05804 2 1 0
22.1634 5.05879 5.05879 2 1 0
22.1834 5.05954 5.05954 2 1 0
22.2033 5.0603 5.0603 2 1 0
22.2233 5.06105 5.06105 2 1 0
22.2433 5.0618 5.0618 2 1 0
22.2633 5.06255 5.06255 2 1 0
19.7053 4.96066 4.96066 4 7 0
19.7108 4.98919 4.93294 3 7 0
19.724 5.01423 4.90987 3 7 0
19.7397 5.03396 4.89245 3 7 0
19.7564 5.05077 4.87812 3 7 0
19.7739 5.06575 4.86574 3 7 0
19.7919 5.0794 4.85488 3 7 0
19.8102 5.09204 4.84497 3 7 0
19.8287 5.10387 4.83589 3 7 0
19.8474 5.11503 4.82739 3 7 0
19.8663 5.12564 4.81956 3 7 0
19.8852 5.13579 4.81222 3 7 0
19.9043 5.14552 4.80521 3 7 0
19.9234 5.1549 4.79864 3 7 0
19.9426 5.16396 4.7924 3 7 0
19.9619 5.1727 4.78643 3 7 0
19.9812 5.18123 4.78074 3 7 0
20.0005 5.18953 4.77528 3 7 0
20.0199 5.19754 4.77004 3 7 0
20.0393 5.20543 4.76499 3 7 0
20.0588 5.21314 4.76012 3 7 0
20.0782 5.2206 4.75541 3 7 0
20.0977 5.22799 4.75086 3 7 0
20.1173 5.23524 4.74645 3 7 0
20.1368 5.24246 4.74216 3 7 0
20.1563 5.24946 4.738 3 7 0
20.1759 5.25635 4.73397 3 7 0
20.1955 5.26322 4.73002 3 7 0
20.2151 5.26989 4.7262 3 7 0
20.2347 5.27647 4.72248 3 7 0
20.2543 5.28304 4.71882 3 7 0
20.274 5.28943 4.71528 3 7 0
20.2936 5.29574 4.71182 3 7 0
20.3133 5.30206 4.70841 3 7 0
20.333 5.30822 4.70511 3 7 0
20.3526 5.3143 4.70187 3 7 0
20.3723 5.3204 4.69869 3 7 0
20.392 5.32634 4.69559 3 7 0
20.4117 5.33222 4.69255 3 7 0
20.4314 5.33804 4.68959 3 7 0
20.4511 5.3438 4.68667 3 7 0
20.4708 5.34949 4.68381 3 7 0
20.4906 5.35513 4.68103 3 7 0
20.5103 5.36072 4.67827 3 7 0
20.53 5.36626 4.67557 3 7 0
20.5498 5.37175 4.67293 3 7 0
20.5695 5.37719 4.67032 3 7 0
20.5893 5.38258 4.66776 3 7 0
20.609 5.38793 4.66525 3 7 0
20.6288 5.39323 4.66278 3 7 0
20.6486 5.39849 4.66034 3 7 0
20.6683 5.40372 4.65799 3 7 0
20.6881 5.40889 4.65564 3 7 0
20.7079 5.41403 4.65332 3 7 0
20.7276 5.41913 4.65103 3 7 0
20.7474 5.42419 4.64878 3 7 0
20.7672 5.42922 4.64657 3 7 0
20.787 5.43414 4.64425 3 7 0
20.8068 5.4391 4.6421 3 7 0
20.8266 5.44402 4.63998 3 7 0
20.8464 5.4485 4.63792 3 7 0
20.8662 5.45335 4.63586 3 7 0
20.886 5.45818 4.63382 3 7 0
20.9058 5.46328 4.63191 3 7 0
20.9256 5.46805 4.62993 3 7 0
20.9454 5.47279 4.62798 3 7 0
20.9652 5.47769 4.62619 3 7 0
20.9851 5.48238 4.6243 3 7 0
21.0049 5.48703 4.62243 3 7 0
21.0247 5.4914 4.62042 3 7 0
21.0445 5.49601 4.61859 3 7 0
21.0643 5.50059 4.61679 3 7 0
21.0842 5.5054 4.61531 3 7 0
21.104 5.50993 4.61356 3 7 0
21.1238 5.51444 4.61183 3 7 0
21.1437 5.51834 4.60978 3 7 0
21.1635 5.52279 4.60809 3 7 0
21.1833 5.52722 4.60642 3 7 0
21.2032 5.53163 4.60479 3 7 0
21.223 5.53602 4.60316 3 7 0
21.2429 5.54039 4.60155 3 7 0
21.2627 5.54513 4.60008 3 7 0
21.2825 5.54946 4.59851 3 7 0
21.3024 5.55377 4.59695 3 7 0
21.3222 5.55798 4.59538 3 7 0
21.3421 5.56226 4.59386 3 7 0
21.3619 5.56651 4.59236 3 7 0
21.3818 5.57071 4.59085 3 7 0
21.4016 5.57493 4.58938 3 7 0
21.4215 5.57912 4.58793 3 7 0
21.4413 5.58308 4.58647 3 7 0
21.4612 5.58724 4.58505 3 7 0
21.4811 5.59138 4.58364 3 7 0
21.5009 5.59576 4.58239 3 7 0
21.5208 5.59986 4.58102 3 7 0
21.5406 5.60395 4.57965 3 7 0
21.5605 5.60796 4.57814 3 7 0
21.5804 5.61202 4.5768 3 7 0
21.6002 5.61605 4.57548 3 7 0
21.6201 5.61985 4.57423 3 7 0
21.64 5.62386 4.57294 3 7 0
21.6598 5.62785 4.57166 3 7 0
21.6797 5.63189 4.57034 3 7 0
21.6996 5.63585 4.56908 3 7 0
21.7194 5.6398 4.56784 3 7 0
21.7393 5.64395 4.5666 3 7 0
21.7592 5.64787 4.56538 3 7 0
21.7791 5.65178 4.56418 3 7 0
21.7989 5.65593 4.56292 3 7 0
21.8188 5.65981 4.56174 3 7 0
21.8387 5.66368 4.56058 3 7 0
21.8586 5.66728 4.55952 3 7 0
21.8784 5.67111 4.55838 3 7 0
21.8983 5.67494 4.55724 3 7 0
21.9182 5.67876 4.55603 3 7 0
21.9381 5.68256 4.55492 3 7 0
21.958 5.68635 4.55382 3 7 0
21.9778 5.69044 4.55302 3 7 0
21.9977 5.6942 4.55194 3 7 0
22.0176 5.69795 4.55087 3 7 0
22.0375 5.70154 4.55007 3 7 0
22.0574 5.70526 4.54902 3 7 0
22.0773 5.70898 4.54798 3 7 0
22.0972 5.7126 4.54652 3 7 0
22.117 5.71629 4.5455 3 7 0
22.1369 5.71997 4.54448 3 7 0
22.1568 5.72387 4.54407 3 7 0
22.1767 5.72753 4.54308 3 7 0
22.1966 5.73118 4.5421 3 7 0
22.2165 5.73479 4.54119 3 7 0
22.2364 5.73842 4.54022 3 7 0
22.2563 5.74203 4.53926 3 7 0
22.2762 5.74555 4.53781 3 7 0
22.2961 5.74915 4.53687 3 7 0
22.3159 5.75273 4.53594 3 7 0
22.3358 5.75631 4.53545 3 7 0
22.3557 5.75987 4.53452 3 7 0
22.3756 5.76342 4.53361 3 7 0
22.3955 5.76709 4.53224 3 7 0
22.4154 5.77063 4.53134 3 7 0
22.4353 5.77415 4.53045 3 7 0
22.4552 5.77711 4.52997 3 7 0
22.4751 5.78061 4.5291 3 7 0
22.495 5.7841 4.52823 3 7 0
22.5149 5.78815 4.52718 3 7 0
22.5348 5.79163 4.52632 3 7 0
22.5547 5.7951 4.52548 3 7 0
22.5746 5.79776 4.52526 3 7 0
22.5945 5.80121 4.52443 3 7 0
22.6144 5.80464 4.52361 3 7 0
22.6343 5.8088 4.52191 3 7 0
22.6542 5.81222 4.5211 3 7 0
22.6741 5.81564 4.52029 3 7 0
22.694 5.81896 4.52017 3 7 0
22.7139 5.82236 4.51938 3 7 0
22.7338 5.82574 4.5186 3 7 0
22.7537 5.82928 4.51739 3 7 0
22.7736 5.83265 4.51662 3 7 0
22.7936 5.83601 4.51585 3 7 0
22.8135 5.83917 4.5155 3 7 0
22.8334 5.84251 4.51475 3 7 0
22.8533 5.84585 4.514 3 7 0
22.8732 5.84939 4.51285 3 7 0
22.8931 5.85272 4.51212 3 7 0
22.913 5.85603 4.51139 3 7 0
22.9329 5.85901 4.51129 3 7 0
22.9528 5.86231 4.51057 3 7 0
22.9727 5.8656 4.50986 3 7 0
22.9926 5.86918 4.50849 3 7 0
23.0125 5.87245 4.50779 3 7 0
23.0325 5.87572 4.50709 3 7 0
23.0524 5.87833 4.50674 3 7 0
23.0723 5.88158 4.50606 3 7 0
23.0922 5.88483 4.50539 3 7 0
23.1121 5.88857 4.50427 3 7 0
23.132 5.89181 4.5036 3 7 0
23.1519 5.89503 4.50294 3 7 0
23.1718 5.8979 4.50272 3 7 0
23.1918 5.90111 4.50207 3 7 0
23.2117 5.90431 4.50143 3 7 0
23.2316 5.90787 4.50037 3 7 0
23.2515 5.91106 4.49973 3 7 0
23.2714 5.91425 4.4991 3 7 0
23.2913 5.91746 4.49832 3 7 0
23.3112 5.92063 4.4977 3 7 0
23.3312 5.92379 4.49708 3 7 0
23.3511 5.92635 4.4964 3 7 0
23.371 5.9295 4.49579 3 7 0
23.3909 5.93265 4.49518 3 7 0
23.4108 5.93653 4.49529 3 7 0
23.4307 5.93966 4.4947 3 7 0
23.4507 5.94278 4.49411 3 7 0
23.4706 5.9459 4.49331 3 7 0
23.4905 5.94901 4.49273 3 7 0
23.5104 5.95212 4.49215 3 7 0
23.5303 5.95522 4.49157 3 7 0
23.5503 5.95831 4.491 3 7 0
23.5702 5.9614 4.49043 3 7 0
23.5901 5.96447 4.48984 3 7 0
23.61 5.96755 4.48929 3 7 0
22.6144 5.80464 4.52361 4 7 0
22.6343 5.80807 4.52279 3 7 0
22.6542 5.81148 4.52198 3 7 0
22.6741 5.81561 4.52021 3 7 0
22.694 5.81901 4.51941 3 7 0
22.7139 5.82241 4.51862 3 7 0
22.7338 5.82578 4.51862 3 7 0
22.7537 5.82916 4.51784 3 7 0
22.7736 5.83253 4.51707 3 7 0
22.7936 5.83601 4.5159 3 7 0
22.8135 5.83936 4.51514 3 7 0
22.8334 5.84271 4.51439 3 7 0
22.8533 5.84593 4.51393 3 7 0
22.8732 5.84926 4.51319 3 7 0
22.8931 5.85258 4.51245 3 7 0
22.913 5.85603 4.51146 3 7 0
22.9329 5.85934 4.51073 3 7 0
22.9528 5.86264 4.51002 3 7 0
22.9727 5.86578 4.50968 3 7 0
22.9926 5.86906 4.50897 3 7 0
23.0125 5.87233 4.50827 3 7 0
23.0325 5.87576 4.50719 3 7 0
23.0524 5.87902 4.5065 3 7 0
23.0723 5.88228 4.50581 3 7 0
23.0922 5.88534 4.5056 3 7 0
23.1121 5.88858 4.50493 3 7 0
23.132 5.89181 4.50426 3 7 0
23.1519 5.89519 4.5031 3 7 0
23.1718 5.89841 4.50244 3 7 0
23.1918 5.90163 4.50179 3 7 0
23.2117 5.90465 4.5017 3 7 0
23.2316 5.90785 4.50106 3 7 0
23.2515 5.91104 4.50042 3 7 0
23.2714 5.91436 4.4992 3 7 0
23.2913 5.91754 4.49857 3 7 0
23.3112 5.92071 4.49795 3 7 0
23.3312 5.92373 4.49796 3 7 0
23.3511 5.92688 4.49734 3 7 0
23.371 5.93003 4.49673 3 7 0
23.3909 5.93328 4.49548 3 7 0
23.4108 5.93642 4.49488 3 7 0
23.4307 5.93955 4.49428 3 7 0
23.4507 5.9426 4.49433 3 7 0
23.4706 5.94572 4.49374 3 7 0
23.4905 5.94882 4.49316 3 7 0
23.5104 5.95198 4.49194 3 7 0
23.5303 5.95508 4.49136 3 7 0
23.5503 5.95818 4.49079 3 7 0
23.5702 5.96128 4.49081 3 7 0
23.5901 5.96436 4.49025 3 7 0
23.61 5.96743 4.48969 3 7 0
23.6299 5.97048 4.48857 3 7 0
23.6499 5.97354 4.48802 3 7 0
23.6698 5.9766 4.48747 3 7 0
23.6897 5.97974 4.4874 3 7 0
23.7096 5.98278 4.48686 3 7 0
23.7295 5.98582 4.48633 3 7 0
23.7495 5.98878 4.48536 3 7 0
23.7694 5.99181 4.48483 3 7 0
23.7893 5.99483 4.48431 3 7 0
23.8092 5.99796 4.48413 3 7 0
23.8292 6.00097 4.48362 3 7 0
23.8491 6.00397 4.48311 3 7 0
23.869 6.00688 4.48229 3 7 0
23.8889 6.00987 4.48179 3 7 0
23.9089 6.01286 4.48129 3 7 0
23.9288 6.01594 4.48101 3 7 0
23.9487 6.01891 4.48052 3 7 0
23.9686 6.02188 4.48004 3 7 0
23.9886 6.02476 4.47936 3 7 0
24.0085 6.02772 4.47888 3 7 0
24.0284 6.03068 4.4784 3 7 0
24.0483 6.0337 4.47805 3 7 0
24.0683 6.03664 4.47758 3 7 0
24.0882 6.03958 4.47712 3 7 0
24.1081 6.04245 4.47654 3 7 0
24.128 6.04538 4.47608 3 7 0
24.148 6.0483 4.47563 3 7 0
24.1679 6.05126 4.47524 3 7 0
24.1878 6.05417 4.47479 3 7 0
24.2078 6.05708 4.47434 3 7 0
24.2277 6.05993 4.47383 3 7 0
24.2476 6.06283 4.47339 3 7 0
24.2675 6.06572 4.47296 3 7 0
24.2875 6.06863 4.47256 3 7 0
24.3074 6.07152 4.47213 3 7 0
24.3273 6.07439 4.4717 3 7 0
24.3473 6.07723 4.47124 3 7 0
24.3672 6.0801 4.47082 3 7 0
24.3871 6.08296 4.4704 3 7 0
24.407 6.08583 4.47 3 7 0
24.427 6.08868 4.46959 3 7 0
24.4469 6.09153 4.46918 3 7 0
24.4668 6.09435 4.46875 3 7 0
24.4868 6.09719 4.46835 3 7 0
24.5067 6.10002 4.46795 3 7 0
24.5266 6.10285 4.46755 3 7 0
24.5466 6.10568 4.46716 3 7 0
24.5665 6.1085 4.46677 3 7 0
24.5864 6.11129 4.46636 3 7 0
24.6064 6.1141 4.46598 3 7 0
24.6263 6.11691 4.4656 3 7 0
24.6462 6.1197 4.46522 3 7 0
24.6662 6.1225 4.46484 3 7 0
24.6861 6.1253 4.46447 3 7 0
24.706 6.12806 4.46408 3 7 0
24.726 6.13085 4.46371 3 7 0
24.7459 6.13363 4.46335 3 7 0
24.7658 6.13639 4.46298 3 7 0
24.7858 6.13916 4.46262 3 7 0
24.8057 6.14193 4.46226 3 7 0
24.8256 6.14467 4.46189 3 7 0
24.8456 6.14743 4.46154 3 7 0
24.8655 6.15019 4.46119 3 7 0
24.8854 6.15292 4.46084 3 7 0
24.9054 6.15567 4.46049 3 7 0
24.9253 6.15841 4.46015 3 7 0
24.9452 6.16112 4.4598 3 7 0
24.9652 6.16386 4.45946 3 7 0
24.9851 6.16659 4.45913 3 7 0
25.0051 6.1693 4.45879 3 7 0
25.025 6.17202 4.45846 3 7 0
25.0449 6.17473 4.45813 3 7 0
25.0649 6.17742 4.45779 3 7 0
25.0848 6.18013 4.45747 3 7 0
25.1047 6.18284 4.45715 3 7 0
25.1247 6.18552 4.45682 3 7 0
25.1446 6.18821 4.45651 3 7 0
25.1645 6.19091 4.45619 3 7 0
25.1845 6.19357 4.45587 3 7 0
25.2044 6.19626 4.45556 3 7 0
25.2244 6.19894 4.45526 3 7 0
25.2443 6.20159 4.45494 3 7 0
25.2642 6.20427 4.45464 3 7 0
25.2842 6.20694 4.45434 3 7 0
25.3041 6.20958 4.45403 3 7 0
25.3241 6.21224 4.45374 3 7 0
25.344 6.2149 4.45345 3 7 0
25.3639 6.21752 4.45314 3 7 0
25.3839 6.22017 4.45285 3 7 0
25.4038 6.22282 4.45257 3 7 0
25.4238 6.22544 4.45227 3 7 0
25.4437 6.22808 4.45199 3 7 0
25.4636 6.23071 4.45171 3 7 0
25.4836 6.23332 4.45142 3 7 0
25.5035 6.23594 4.45114 3 7 0
25.5235 6.23857 4.45087 3 7 0
25.5434 6.24116 4.45059 3 7 0
25.5633 6.24378 4.45032 3 7 0
25.5833 6.24639 4.45005 3 7 0
25.6032 6.24897 4.44977 3 7 0
25.6232 6.25157 4.44951 3 7 0
25.6431 6.25418 4.44925 3 7 0
25.663 6.25674 4.44897 3 7 0
25.683 6.25934 4.44871 3 7 0
25.7029 6.26193 4.44846 3 7 0
25.7229 6.26449 4.44819 3 7 0
25.7428 6.26707 4.44794 3 7 0
25.7627 6.26965 4.44769 3 7 0
25.7827 6.27219 4.44743 3 7 0
25.8026 6.27477 4.44718 3 7 0
25.8226 6.27734 4.44694 3 7 0
25.8425 6.27987 4.44668 3 7 0
25.8625 6.28243 4.44644 3 7 0
25.8824 6.28499 4.4462 3 7 0
25.9023 6.28751 4.44595 3 7 0
25.9223 6.29007 4.44571 3 7 0
25.9422 6.29262 4.44548 3 7 0
25.9622 6.29512 4.44523 3 7 0
25.9821 6.29766 4.445 3 7 0
26.0021 6.3002 4.44478 3 7 0
26.022 6.3027 4.44454 3 7 0
26.042 6.30523 4.44431 3 7 0
26.0619 6.30776 4.44409 3 7 0
26.0818 6.31024 4.44385 3 7 0
26.1018 6.31276 4.44363 3 7 0
26.1217 6.31528 4.44341 3 7 0
26.1417 6.31775 4.44318 3 7 0
26.1616 6.32026 4.44297 3 7 0
26.1816 6.32277 4.44276 3 7 0
26.2015 6.32522 4.44253 3 7 0
26.2215 6.32772 4.44232 3 7 0
26.2414 6.33022 4.44211 3 7 0
26.2613 6.33266 4.44189 3 7 0
26.2813 6.33515 4.44169 3 7 0
26.3012 6.33764 4.44149 3 7 0
26.3212 6.34005 4.44128 3 7 0
26.3411 6.34254 4.44108 3 7 0
26.3611 6.34502 4.44088 3 7 0
26.381 6.34741 4.44068 3 7 0
26.401 6.34989 4.44048 3 7 0
26.4209 6.35236 4.44029 3 7 0
26.4409 6.35474 4.4401 3 7 0
26.4608 6.3572 4.43991 3 7 0
26.4808 6.35967 4.43972 3 7 0
26.5007 6.36212 4.43954 3 7 0
26.5206 6.36457 4.43936 3 7 0
26.5406 6.36702 4.43917 3 7 0
26.5605 6.36943 4.43906 3 7 0
26.5805 6.37188 4.43888 3 7 0
22.2633 5.06255 5.06255 2 1 0
22.3033 5.06405 5.06405 2 1 0
22.3233 5.0648 5.0648 2 1 0
22.3432 5.06555 5.06555 2 1 0
22.3632 5.0663 5.0663 2 1 0
22.3832 5.06704 5.06704 2 1 0
22.4032 5.06779 5.06779 2 1 0
22.4232 5.06854 5.06854 2 1 0
22.4432 5.06928 5.06928 2 1 0
22.4632 5.07003 5.07003 2 1 0
22.4832 5.07077 5.07077 2 1 0
22.5031 5.07151 5.07151 2 1 0
22.5231 5.07226 5.07226 2 1 0
22.5431 5.073 5.073 2 1 0
22.5631 5.07374 5.07374 2 1 0
22.5831 5.07448 5.07448 2 1 0
22.6031 5.07522 5.07522 2 1 0
22.6231 5.07596 5.07596 2 1 0
22.643 5.0767 5.0767 2 1 0
22.663 5.07743 5.07743 2 1 0
22.683 5.07817 5.07817 2 1 0
22.703 5.07891 5.07891 2 1 0
22.723 5.07965 5.07965 2 1 0
22.743 5.08038 5.08038 2 1 0
22.763 5.08112 5.08112 2 1 0
22.7829 5.08185 5.08185 2 1 0
22.8029 5.08258 5.08258 2 1 0
22.8229 5.08332 5.08332 2 1 0
22.8429 5.08405 5.08405 2 1 0
22.8629 5.08478 5.08478 2 1 0
22.8829 5.08551 5.08551 2 1 0
22.9029 5.08624 5.08624 2 1 0
22.9229 5.08697 5.08697 2 1 0
22.9428 5.0877 5.0877 2 1 0
22.9628 5.08843 5.08843 2 1 0
22.9828 5.08916 5.08916 2 1 0
23.0028 5.08989 5.08989 2 1 0
23.0228 5.09061 5.09061 2 1 0
23.0428 5.09134 5.09134 2 1 0
23.0628 5.09206 5.09206 2 1 0
23.0827 5.09279 5.09279 2 1 0
23.1027 5.09351 5.09351 2 1 0
23.1227 5.09424 5.09424 2 1 0
23.1427 5.09496 5.09496 2 1 0
23.1627 5.09568 5.09568 2 1 0
23.1827 5.09641 5.09641 2 1 0
23.2027 5.09713 5.09713 2 1 0
23.2227 5.09785 5.09785 2 1 0
23.2426 5.09857 5.09857 2 1 0
23.2626 5.09929 5.09929 2 1 0
23.2826 5.10001 5.10001 2 1 0
23.3026 5.10072 5.10072 2 1 0
23.3226 5.10144 5.10144 2 1 0
23.3426 5.10216 5.10216 2 1 0
23.3626 5.10288 5.10288 2 1 0
23.3826 5.10359 5.10359 2 1 0
23.4025 5.10431 5.10431 2 1 0
23.4225 5.10502 5.10502 2 1 0
23.4425 5.10574 5.10574 2 1 0
23.4625 5.10645 5.10645 2 1 0
23.4825 5.10716 5.10716 2 1 0
23.5025 5.10788 5.10788 2 1 0
23.5225 5.10859 5.10859 2 1 0
23.5425 5.1093 5.1093 2 1 0
23.5624 5.11001 5.11001 2 1 0
23.5824 5.11072 5.11072 2 1 0
23.6024 5.11143 5.11143 2 1 0
23.6224 5.11214 5.11214 2 1 0
23.6424 5.11285 5.11285 2 1 0
23.6624 5.11355 5.11355 2 1 0
23.6824 5.11426 5.11426 2 1 0
23.7024 5.11497 5.11497 2 1 0
23.7223 5.11567 5.11567 2 1 0
23.7423 5.11638 5.11638 2 1 0
23.7623 5.11708 5.11708 2 1 0
23.7823 5.11779 5.11779 2 1 0
23.8023 5.11849 5.11849 2 1 0
23.8223 5.11919 5.11919 2 1 0
23.8423 5.1199 5.1199 2 1 0
23.8623 5.1206 5.1206 2 1 0
23.8822 5.1213 5.1213 2 1 0
23.9022 5.122 5.122 2 1 0
23.9222 5.1227 5.1227 2 1 0
23.9422 5.1234 5.1234 2 1 0
23.9622 5.1241 5.1241 2 1 0
23.9822 5.1248 5.1248 2 1 0
24.0022 5.1255 5.1255 2 1 0
24.0222 5.12619 5.12619 2 1 0
24.0421 5.12689 5.12689 2 1 0
24.0621 5.12759 5.12759 2 1 0
24.0821 5.12828 5.12828 2 1 0
24.1021 5.12898 5.12898 2 1 0
24.1221 5.12967 5.12967 2 1 0
24.1421 5.13037 5.13037 2 1 0
24.1621 5.13106 5.13106 2 1 0
24.1821 5.13175 5.13175 2 1 0
24.202 5.13244 5.13244 2 1 0
24.222 5.13314 5.13314 2 1 0
24.242 5.13383 5.13383 2 1 0
24.262 5.13452 5.13452 2 1 0
24.282 5.13521 5.13521 2 1 0
24.302 5.1359 5.1359 2 1 0
24.322 5.13659 5.13659 2 1 0
24.342 5.13728 5.13728 2 1 0
24.362 5.13796 5.13796 2 1 0
24.3819 5.13865 5.13865 2 1 0
24.4019 5.13934 5.13934 2 1 0
24.4219 5.14002 5.14002 2 1 0
24.4419 5.14071 5.14071 2 1 0
24.4619 5.14139 5.14139 2 1 0
24.4819 5.14208 5.14208 2 1 0
24.5019 5.14276 5.14276 2 1 0
24.5219 5.14345 5.14345 2 1 0
24.5418 5.14413 5.14413 2 1 0
24.5618 5.14481 5.14481 2 1 0
24.5818 5.14549 5.14549 2 1 0
24.6018 5.14618 5.14618 2 1 0
24.6218 5.14686 5.14686 2 1 0
24.6418 5.14754 5.14754 2 1 0
24.6618 5.14822 5.14822 2 1 0
24.6818 5.1489 5.1489 2 1 0
24.7018 5.14957 5.14957 2 1 0
24.7217 5.15025 5.15025 2 1 0
24.7417 5.15093 5.15093 2 1 0
24.7617 5.15161 5.15161 2 1 0
24.7817 5.15228 5.15228 2 1 0
24.8017 5.15296 5.15296 2 1 0
24.8217 5.15364 5.15364 2 1 0
24.8417 5.15431 5.15431 2 1 0
24.8617 5.15499 5.15499 2 1 0
24.8816 5.15566 5.15566 2 1 0
24.9016 5.15633 5.15633 2 1 0
24.9216 5.15701 5.15701 2 1 0
24.9416 5.15768 5.15768 2 1 0
24.9616 5.15835 5.15835 2 1 0
24.9816 5.15902 5.15902 2 1 0
25.0016 5.15969 5.15969 2 1 0
25.0216 5.16036 5.16036 2 1 0
25.0416 5.16103 5.16103 2 1 0
25.0615 5.1617 5.1617 2 1 0
25.0815 5.16237 5.16237 2 1 0
25.1015 5.16304 5.16304 2 1 0
25.1215 5.16371 5.16371 2 1 0
25.1415 5.16437 5.16437 2 1 0
25.1615 5.16504 5.16504 2 1 0
25.1815 5.1657 5.1657 2 1 0
25.2015 5.16637 5.16637 2 1 0
25.2215 5.16704 5.16704 2 1 0
25.2414 5.1677 5.1677 2 1 0
25.2614 5.16836 5.16836 2 1 0
25.2814 5.16903 5.16903 2 1 0
25.3014 5.16969 5.16969 2 1 0
25.3214 5.17035 5.17035 2 1 0
25.3414 5.17102 5.17102 2 1 0
25.3614 5.17168 5.17168 2 1 0
25.3814 5.17234 5.17234 2 1 0
25.4014 5.173 5.173 2 1 0
25.4213 5.17366 5.17366 2 1 0
25.4413 5.17432 5.17432 2 1 0
25.4613 5.17498 5.17498 2 1 0
25.4813 5.17563 5.17563 2 1 0
25.5013 5.17629 5.17629 2 1 0
25.5213 5.17695 5.17695 2 1 0
25.5413 5.17761 5.17761 2 1 0
25.5613 5.17826 5.17826 2 1 0
25.5813 5.17892 5.17892 2 1 0
25.6013 5.17958 5.17958 2 1 0
25.6212 5.18023 5.18023 2 1 0
25.6412 5.18088 5.18088 2 1 0
25.6612 5.18154 5.18154 2 1 0
25.6812 5.18219 5.18219 2 1 0
25.7012 5.18284 5.18284 2 1 0
25.7212 5.1835 5.1835 2 1 0
25.7412 5.18415 5.18415 2 1 0
25.7612 5.1848 5.1848 2 1 0
25.7812 5.18545 5.18545 2 1 0
25.8011 5.1861 5.1861 2 1 0
25.8211 5.18675 5.18675 2 1 0
25.8411 5.1874 5.1874 2 1 0
25.8611 5.18805 5.18805 2 1 0
25.8811 5.1887 5.1887 2 1 0
25.9011 5.18935 5.18935 2 1 0
25.9211 5.19 5.19 2 1 0
25.9411 5.19064 5.19064 2 1 0
25.9611 5.19129 5.19129 2 1 0
25.9811 5.19193 5.19193 2 1 0
26.001 5.19258 5.19258 2 1 0
26.021 5.19323 5.19323 2 1 0
26.041 5.19387 5.19387 2 1 0
26.061 5.19451 5.19451 2 1 0
26.081 5.19516 5.19516 2 1 0
26.101 5.1958 5.1958 2 1 0
26.121 5.19644 5.19644 2 1 0
26.141 5.19709 5.19709 2 1 0
26.161 5.19773 5.19773 2 1 0
26.1809 5.19837 5.19837 2 1 0
26.2009 5.19901 5.19901 2 1 0
26.2209 5.19965 5.19965 2 1 0
26.2409 5.20029 5.20029 2 1 0
26.2609 5.20093 5.20093 2 1 0
14.28 4.68293 4.68293 2 1 0
14.2426 4.69127 4.69127 1 1 0
14.2227 4.69011 4.69011 1 1 0
14.2027 4.68895 4.68895 1 1 0
14.1827 4.68779 4.68779 1 1 0
14.1628 4.68662 4.68662 1 1 0
14.1428 4.68546 4.68546 1 1 0
14.1228 4.68429 4.68429 1 1 0
14.1029 4.68312 4.68312 1 1 0
14.0829 4.68195 4.68195 1 1 0
14.0629 4.68078 4.68078 1 1 0
14.043 4.67961 4.67961 1 1 0
14.023 4.67843 4.67843 1 1 0
14.0031 4.67726 4.67726 1 1 0
13.9831 4.67608 4.67608 1 1 0
13.9631 4.6749 4.6749 1 1 0
13.9432 4.67372 4.67372 1 1 0
13.9232 4.67254 4.67254 1 1 0
13.9032 4.67135 4.67135 1 1 0
13.8833 4.67016 4.67016 1 1 0
13.8633 4.66898 4.66898 1 1 0
13.8433 4.66779 4.66779 1 1 0
13.8234 4.6666 4.6666 1 1 0
13.8034 4.6654 4.6654 1 1 0
13.7834 4.66421 4.66421 1 1 0
13.7635 4.66301 4.66301 1 1 0
13.7435 4.66182 4.66182 1 1 0
13.7235 4.66062 4.66062 1 1 0
13.7036 4.65941 4.65941 1 1 0
13.6836 4.65821 4.65821 1 1 0
13.6637 4.65701 4.65701 1 1 0
13.6437 4.6558 4.6558 1 1 0
13.6237 4.65459 4.65459 1 1 0
13.6038 4.65338 4.65338 1 1 0
13.5838 4.65217 4.65217 1 1 0
13.5638 4.65096 4.65096 1 1 0
13.5439 4.64974 4.64974 1 1 0
13.5239 4.64853 4.64853 1 1 0
13.504 4.64731 4.64731 1 1 0
13.484 4.64609 4.64609 1 1 0
13.464 4.64487 4.64487 1 1 0
13.4441 4.64364 4.64364 1 1 0
13.4241 4.64242 4.64242 1 1 0
13.4041 4.64119 4.64119 1 1 0
13.3842 4.63996 4.63996 1 1 0
13.3642 4.63873 4.63873 1 1 0
13.3443 4.6375 4.6375 1 1 0
13.3243 4.63626 4.63626 1 1 0
13.3043 4.63503 4.63503 1 1 0
13.2844 4.63379 4.63379 1 1 0
13.2644 4.63255 4.63255 1 1 0
13.2444 4.63131 4.63131 1 1 0
13.2245 4.63007 4.63007 1 1 0
13.2045 4.62882 4.62882 1 1 0
13.1846 4.62758 4.62758 1 1 0
13.1646 4.62633 4.62633 1 1 0
13.1446 4.62508 4.62508 1 1 0
13.1247 4.62382 4.62382 1 1 0
13.1047 4.62257 4.62257 1 1 0
13.0848 4.62131 4.62131 1 1 0
13.0648 4.62006 4.62006 1 1 0
13.0448 4.6188 4.6188 1 1 0
13.0249 4.61753 4.61753 1 1 0
13.0049 4.61627 4.61627 1 1 0
12.985 4.61501 4.61501 1 1 0
12.965 4.61374 4.61374 1 1 0
12.945 4.61247 4.61247 1 1 0
12.9251 4.6112 4.6112 1 1 0
12.9051 4.60992 4.60992 1 1 0
12.8852 4.60865 4.60865 1 1 0
12.8652 4.60737 4.60737 1 1 0
12.8452 4.60609 4.60609 1 1 0
12.8253 4.60481 4.60481 1 1 0
12.8053 4.60353 4.60353 1 1 0
12.7854 4.60225 4.60225 1 1 0
12.7654 4.60096 4.60096 1 1 0
12.7454 4.59967 4.59967 1 1 0
12.7255 4.59838 4.59838 1 1 0
12.7055 4.59709 4.59709 1 1 0
12.6856 4.5958 4.5958 1 1 0
12.6656 4.5945 4.5945 1 1 0
12.6457 4.5932 4.5932 1 1 0
12.6257 4.5919 4.5919 1 1 0
12.6057 4.5906 4.5906 1 1 0
12.5858 4.5893 4.5893 1 1 0
12.5658 4.58799 4.58799 1 1 0
12.5459 4.58668 4.58668 1 1 0
12.5259 4.58537 4.58537 1 1 0
12.506 4.58406 4.58406 1 1 0
12.486 4.58274 4.58274 1 1 0
12.466 4.58143 4.58143 1 1 0
12.4461 4.58011 4.58011 1 1 0
12.4261 4.57879 4.57879 1 1 0
12.4062 4.57747 4.57747 1 1 0
12.3862 4.57614 4.57614 1 1 0
12.3663 4.57482 4.57482 1 1 0
12.3463 4.57349 4.57349 1 1 0
12.3263 4.57216 4.57216 1 1 0
12.3064 4.57083 4.57083 1 1 0
12.2864 4.56949 4.56949 1 1 0
12.2665 4.56815 4.56815 1 1 0
12.2465 4.56681 4.56681 1 1 0
12.2266 4.56547 4.56547 1 1 0
12.2066 4.56413 4.56413 1 1 0
12.1867 4.56279 4.56279 1 1 0
12.1667 4.56144 4.56144 1 1 0
12.1468 4.56009 4.56009 1 1 0
12.1268 4.55874 4.55874 1 1 0
12.1068 4.55738 4.55738 1 1 0
12.0869 4.55603 4.55603 1 1 0
12.0669 4.55467 4.55467 1 1 0
12.047 4.55331 4.55331 1 1 0
12.027 4.55195 4.55195 1 1 0
12.0071 4.55058 4.55058 1 1 0
11.9871 4.54921 4.54921 1 1 0
11.9672 4.54785 4.54785 1 1 0
11.9472 4.54647 4.54647 1 1 0
11.9273 4.5451 4.5451 1 1 0
11.9073 4.54372 4.54372 1 1 0
11.8874 4.54235 4.54235 1 1 0
11.8674 4.54097 4.54097 1 1 0
11.8475 4.53958 4.53958 1 1 0
11.8275 4.5382 4.5382 1 1 0
11.8076 4.53681 4.53681 1 1 0
11.7876 4.53542 4.53542 1 1 0
11.7676 4.53403 4.53403 1 1 0
11.7477 4.53264 4.53264 1 1 0
11.7277 4.53124 4.53124 1 1 0
11.7078 4.52984 4.52984 1 1 0
11.6878 4.52844 4.52844 1 1 0
11.6679 4.52704 4.52704 1 1 0
11.6479 4.52564 4.52564 1 1 0
11.628 4.52423 4.52423 1 1 0
11.608 4.52282 4.52282 1 1 0
11.5881 4.52141 4.52141 1 1 0
11.5681 4.51999 4.51999 1 1 0
11.5482 4.51857 4.51857 1 1 0
11.5282 4.51715 4.51715 1 1 0
11.5083 4.51573 4.51573 1 1 0
11.4883 4.51431 4.51431 1 1 0
11.4684 4.51288 4.51288 1 1 0
11.4484 4.51145 4.51145 1 1 0
11.4285 4.51002 4.51002 1 1 0
11.4085 4.50859 4.50859 1 1 0
11.3886 4.50715 4.50715 1 1 0
11.3687 4.50571 4.50571 1 1 0
11.3487 4.50427 4.50427 1 1 0
11.3288 4.50283 4.50283 1 1 0
11.3088 4.50138 4.50138 1 1 0
11.2889 4.49994 4.49994 1 1 0
11.2689 4.49848 4.49848 1 1 0
11.249 4.49703 4.49703 1 1 0
11.229 4.49558 4.49558 1 1 0
11.2091 4.49412 4.49412 1 1 0
11.1891 4.49266 4.49266 1 1 0
11.1692 4.49119 4.49119 1 1 0
11.1492 4.48973 4.48973 1 1 0
11.1293 4.48826 4.48826 1 1 0
11.1093 4.48679 4.48679 1 1 0
11.0894 4.48532 4.48532 1 1 0
11.0694 4.48384 4.48384 1 1 0
11.0495 4.48236 4.48236 1 1 0
11.0296 4.48088 4.48088 1 1 0
11.0096 4.4794 4.4794 1 1 0
10.9897 4.47791 4.47791 1 1 0
10.9697 4.47642 4.47642 1 1 0
10.9498 4.47493 4.47493 1 1 0
10.9298 4.47344 4.47344 1 1 0
10.9099 4.47194 4.47194 1 1 0
10.8899 4.47044 4.47044 1 1 0
10.87 4.46894 4.46894 1 1 0
10.8501 4.46743 4.46743 1 1 0
10.8301 4.46593 4.46593 1 1 0
10.8102 4.46441 4.46441 1 1 0
10.7902 4.4629 4.4629 1 1 0
10.7703 4.46139 4.46139 1 1 0
10.7503 4.45987 4.45987 1 1 0
10.7304 4.45835 4.45835 1 1 0
10.7105 4.45682 4.45682 1 1 0
10.6905 4.4553 4.4553 1 1 0
10.6706 4.45377 4.45377 1 1 0
10.6506 4.45224 4.45224 1 1 0
10.6307 4.4507 4.4507 1 1 0
10.6108 4.44917 4.44917 1 1 0
10.5908 4.44763 4.44763 1 1 0
10.5709 4.44608 4.44608 1 1 0
10.5509 4.44454 4.44454 1 1 0
10.531 4.44299 4.44299 1 1 0
10.5111 4.44144 4.44144 1 1 0
10.4911 4.43988 4.43988 1 1 0
10.4712 4.43833 4.43833 1 1 0
10.4512 4.43677 4.43677 1 1 0
10.4313 4.4352 4.4352 1 1 0
10.4114 4.43364 4.43364 1 1 0
10.3914 4.43207 4.43207 1 1 0
10.3715 4.4305 4.4305 1 1 0
10.3515 4.42892 4.42892 1 1 0
10.3316 4.42735 4.42735 1 1 0
10.3117 4.42577 4.42577 1 1 0
10.2917 4.42418 4.42418 1 1 0
10.2917 4.42418 4.42418 2 1 0
10.2519 4.42101 4.42101 1 1 0
10.2319 4.41941 4.41941 1 1 0
10.212 4.41782 4.41782 1 1 0
10.1921 4.41622 4.41622 1 1 0
10.1721 4.41462 4.41462 1 1 0
10.1522 4.41302 4.41302 1 1 0
10.1322 4.41141 4.41141 1 1 0
10.1123 4.4098 4.4098 1 1 0
10.0924 4.40819 4.40819 1 1 0
10.0724 4.40657 4.40657 1 1 0
10.0525 4.40495 4.40495 1 1 0
10.0326 4.40333 4.40333 1 1 0
10.0126 4.4017 4.4017 1 1 0
9.99271 4.40007 4.40007 1 1 0
9.97277 4.39844 4.39844 1 1 0
9.95284 4.39681 4.39681 1 1 0
9.93291 4.39517 4.39517 1 1 0
9.91297 4.39353 4.39353 1 1 0
9.89304 4.39188 4.39188 1 1 0
9.87311 4.39024 4.39024 1 1 0
9.85318 4.38858 4.38858 1 1 0
9.83325 4.38693 4.38693 1 1 0
9.81331 4.38527 4.38527 1 1 0
9.79338 4.38361 4.38361 1 1 0
9.77345 4.38195 4.38195 1 1 0
9.75352 4.38028 4.38028 1 1 0
9.73359 4.37861 4.37861 1 1 0
9.71366 4.37694 4.37694 1 1 0
9.69373 4.37526 4.37526 1 1 0
9.6738 4.37358 4.37358 1 1 0
9.65388 4.3719 4.3719 1 1 0
9.63395 4.37021 4.37021 1 1 0
9.61402 4.36852 4.36852 1 1 0
9.59409 4.36683 4.36683 1 1 0
9.57416 4.36513 4.36513 1 1 0
9.55423 4.36343 4.36343 1 1 0
9.53431 4.36173 4.36173 1 1 0
9.51438 4.36002 4.36002 1 1 0
9.49445 4.35831 4.35831 1 1 0
9.47453 4.35659 4.35659 1 1 0
9.4546 4.35488 4.35488 1 1 0
9.43467 4.35315 4.35315 1 1 0
9.41475 4.35143 4.35143 1 1 0
9.39482 4.3497 4.3497 1 1 0
9.3749 4.34797 4.34797 1 1 0
9.35497 4.34623 4.34623 1 1 0
9.33505 4.3445 4.3445 1 1 0
9.31513 4.34275 4.34275 1 1 0
9.2952 4.34101 4.34101 1 1 0
9.27528 4.33926 4.33926 1 1 0
9.25536 4.33751 4.33751 1 1 0
9.23543 4.33575 4.33575 1 1 0
9.21551 4.33399 4.33399 1 1 0
9.19559 4.33222 4.33222 1 1 0
9.17567 4.33046 4.33046 1 1 0
9.15575 4.32868 4.32868 1 1 0
9.13583 4.32691 4.32691 1 1 0
9.1159 4.32513 4.32513 1 1 0
9.09598 4.32335 4.32335 1 1 0
9.07606 4.32156 4.32156 1 1 0
9.05614 4.31977 4.31977 1 1 0
9.03622 4.31798 4.31798 1 1 0
9.01631 4.31618 4.31618 1 1 0
8.99639 4.31438 4.31438 1 1 0
8.97647 4.31257 4.31257 1 1 0
8.95655 4.31076 4.31076 1 1 0
8.93663 4.30895 4.30895 1 1 0
8.91672 4.30713 4.30713 1 1 0
8.8968 4.30531 4.30531 1 1 0
8.87688 4.30349 4.30349 1 1 0
8.85697 4.30166 4.30166 1 1 0
8.83705 4.29983 4.29983 1 1 0
8.81713 4.29799 4.29799 1 1 0
8.79722 4.29615 4.29615 1 1 0
8.7773 4.29431 4.29431 1 1 0
8.75739 4.29246 4.29246 1 1 0
8.73748 4.2906 4.2906 1 1 0
8.71756 4.28875 4.28875 1 1 0
8.69765 4.28689 4.28689 1 1 0
8.67774 4.28502 4.28502 1 1 0
8.65782 4.28315 4.28315 1 1 0
8.63791 4.28128 4.28128 1 1 0
8.618 4.2794 4.2794 1 1 0
8.59809 4.27752 4.27752 1 1 0
8.57818 4.27564 4.27564 1 1 0
8.55827 4.27375 4.27375 1 1 0
8.53836 4.27185 4.27185 1 1 0
8.51845 4.26995 4.26995 1 1 0
8.49854 4.26805 4.26805 1 1 0
8.47863 4.26614 4.26614 1 1 0
8.45872 4.26423 4.26423 1 1 0
8.43881 4.26232 4.26232 1 1 0
8.41891 4.2604 4.2604 1 1 0
8.399 4.25847 4.25847 1 1 0
8.37909 4.25655 4.25655 1 1 0
8.35918 4.25461 4.25461 1 1 0
8.33928 4.25268 4.25268 1 1 0
8.31937 4.25073 4.25073 1 1 0
8.29947 4.24879 4.24879 1 1 0
8.27956 4.24684 4.24684 1 1 0
8.25966 4.24488 4.24488 1 1 0
8.23976 4.24292 4.24292 1 1 0
8.21985 4.24096 4.24096 1 1 0
8.19995 4.23899 4.23899 1 1 0
8.18005 4.23702 4.23702 1 1 0
8.16015 4.23504 4.23504 1 1 0
8.14024 4.23306 4.23306 1 1 0
8.12034 4.23107 4.23107 1 1 0
8.10044 4.22908 4.22908 1 1 0
8.08054 4.22708 4.22708 1 1 0
8.06064 4.22508 4.22508 1 1 0
8.04074 4.22307 4.22307 1 1 0
8.02084 4.22106 4.22106 1 1 0
8.00095 4.21905 4.21905 1 1 0
7.98105 4.21703 4.21703 1 1 0
7.96115 4.215 4.215 1 1 0
7.94125 4.21297 4.21297 1 1 0
7.92136 4.21094 4.21094 1 1 0
7.90146 4.2089 4.2089 1 1 0
7.88157 4.20685 4.20685 1 1 0
7.86167 4.2048 4.2048 1 1 0
7.84178 4.20275 4.20275 1 1 0
7.82189 4.20069 4.20069 1 1 0
7.80199 4.19862 4.19862 1 1 0
7.7821 4.19655 4.19655 1 1 0
7.76221 4.19448 4.19448 1 1 0
7.74232 4.1924 4.1924 1 1 0
7.72242 4.19031 4.19031 1 1 0
7.70253 4.18822 4.18822 1 1 0
7.68264 4.18613 4.18613 1 1 0
7.66275 4.18403 4.18403 1 1 0
7.64287 4.18192 4.18192 1 1 0
7.62298 4.17981 4.17981 1 1 0
7.60309 4.1777 4.1777 1 1 0
7.5832 4.17557 4.17557 1 1 0
7.56332 4.17345 4.17345 1 1 0
7.54343 4.17132 4.17132 1 1 0
7.52354 4.16918 4.16918 1 1 0
7.50366 4.16704 4.16704 1 1 0
7.48378 4.16489 4.16489 1 1 0
7.46389 4.16273 4.16273 1 1 0
7.44401 4.16057 4.16057 1 1 0
7.42413 4.15841 4.15841 1 1 0
7.40424 4.15624 4.15624 1 1 0
7.38436 4.15406 4.15406 1 1 0
7.36448 4.15188 4.15188 1 1 0
7.3446 4.14969 4.14969 1 1 0
7.32472 4.1475 4.1475 1 1 0
7.30484 4.1453 4.1453 1 1 0
7.28497 4.1431 4.1431 1 1 0
7.26509 4.14089 4.14089 1 1 0
7.24521 4.13867 4.13867 1 1 0
7.22534 4.13645 4.13645 1 1 0
7.20546 4.13422 4.13422 1 1 0
7.18558 4.13199 4.13199 1 1 0
7.16571 4.12975 4.12975 1 1 0
7.14584 4.12751 4.12751 1 1 0
7.12596 4.12526 4.12526 1 1 0
7.10609 4.123 4.123 1 1 0
7.08622 4.12074 4.12074 1 1 0
7.06635 4.11847 4.11847 1 1 0
7.04648 4.11619 4.11619 1 1 0
7.02661 4.11391 4.11391 1 1 0
7.00674 4.11162 4.11162 1 1 0
6.98687 4.10933 4.10933 1 1 0
6.96701 4.10703 4.10703 1 1 0
6.94714 4.10472 4.10472 1 1 0
6.92727 4.10241 4.10241 1 1 0
6.90741 4.10009 4.10009 1 1 0
6.88754 4.09777 4.09777 1 1 0
6.86768 4.09543 4.09543 1 1 0
6.84782 4.0931 4.0931 1 1 0
6.82796 4.09075 4.09075 1 1 0
6.80809 4.0884 4.0884 1 1 0
6.78823 4.08604 4.08604 1 1 0
6.76837 4.08368 4.08368 1 1 0
6.74851 4.08131 4.08131 1 1 0
6.72866 4.07893 4.07893 1 1 0
6.7088 4.07655 4.07655 1 1 0
6.68894 4.07416 4.07416 1 1 0
6.66909 4.07176 4.07176 1 1 0
6.64923 4.06936 4.06936 1 1 0
6.62938 4.06694 4.06694 1 1 0
6.60952 4.06453 4.06453 1 1 0
6.58967 4.0621 4.0621 1 1 0
6.56982 4.05967 4.05967 1 1 0
6.54997 4.05723 4.05723 1 1 0
6.53012 4.05478 4.05478 1 1 0
6.51027 4.05233 4.05233 1 1 0
6.49042 4.04987 4.04987 1 1 0
6.47058 4.0474 4.0474 1 1 0
6.45073 4.04493 4.04493 1 1 0
6.43088 4.04245 4.04245 1 1 0
6.41104 4.03996 4.03996 1 1 0
6.3912 4.03746 4.03746 1 1 0
6.37135 4.03496 4.03496 1 1 0
6.35151 4.03245 4.03245 1 1 0
6.33167 4.02993 4.02993 1 1 0
6.31183 4.0274 4.0274 1 1 0
6.31183 4.0274 4.0274 2 1 0
6.27215 4.02233 4.02233 1 1 0
6.25232 4.01978 4.01978 1 1 0
6.23248 4.01722 4.01722 1 1 0
6.21265 4.01466 4.01466 1 1 0
6.19281 4.01209 4.01209 1 1 0
6.17298 4.00951 4.00951 1 1 0
6.15315 4.00692 4.00692 1 1 0
6.13332 4.00432 4.00432 1 1 0
6.11349 4.00172 4.00172 1 1 0
6.09366 3.99911 3.99911 1 1 0
6.07383 3.99649 3.99649 1 1 0
6.054 3.99386 3.99386 1 1 0
6.03418 3.99122 3.99122 1 1 0
6.01435 3.98858 3.98858 1 1 0
5.99453 3.98593 3.98593 1 1 0
5.97471 3.98326 3.98326 1 1 0
5.95489 3.9806 3.9806 1 1 0
5.93507 3.97792 3.97792 1 1 0
5.91525 3.97523 3.97523 1 1 0
5.89543 3.97254 3.97254 1 1 0
5.87561 3.96983 3.96983 1 1 0
5.8558 3.96712 3.96712 1 1 0
5.83598 3.9644 3.9644 1 1 0
5.81617 3.96167 3.96167 1 1 0
5.79636 3.95893 3.95893 1 1 0
5.77655 3.95619 3.95619 1 1 0
5.75674 3.95343 3.95343 1 1 0
5.73693 3.95066 3.95066 1 1 0
5.71713 3.94789 3.94789 1 1 0
5.69732 3.94511 3.94511 1 1 0
5.67752 3.94232 3.94232 1 1 0
5.65771 3.93951 3.93951 1 1 0
5.63791 3.9367 3.9367 1 1 0
5.61811 3.93388 3.93388 1 1 0
5.59831 3.93105 3.93105 1 1 0
5.57852 3.92821 3.92821 1 1 0
5.55872 3.92537 3.92537 1 1 0
5.53893 3.92251 3.92251 1 1 0
5.51913 3.91964 3.91964 1 1 0
5.49934 3.91676 3.91676 1 1 0
5.47955 3.91387 3.91387 1 1 0
5.45976 3.91098 3.91098 1 1 0
5.43997 3.90807 3.90807 1 1 0
5.42019 3.90515 3.90515 1 1 0
5.4004 3.90223 3.90223 1 1 0
5.38062 3.89929 3.89929 1 1 0
5.36084 3.89634 3.89634 1 1 0
5.34106 3.89338 3.89338 1 1 0
5.32128 3.89041 3.89041 1 1 0
5.3015 3.88744 3.88744 1 1 0
5.28173 3.88445 3.88445 1 1 0
5.26195 3.88145 3.88145 1 1 0
5.24218 3.87844 3.87844 1 1 0
5.22241 3.87542 3.87542 1 1 0
5.20264 3.87238 3.87238 1 1 0
5.18287 3.86934 3.86934 1 1 0
5.16311 3.86629 3.86629 1 1 0
5.14334 3.86322 3.86322 1 1 0
5.12358 3.86015 3.86015 1 1 0
5.10382 3.85706 3.85706 1 1 0
5.08406 3.85396 3.85396 1 1 0
5.06431 3.85085 3.85085 1 1 0
5.04455 3.84773 3.84773 1 1 0
5.0248 3.8446 3.8446 1 1 0
5.00505 3.84146 3.84146 1 1 0
4.9853 3.8383 3.8383 1 1 0
4.96555 3.83513 3.83513 1 1 0
4.9458 3.83196 3.83196 1 1 0
4.92606 3.82876 3.82876 1 1 0
4.90632 3.82556 3.82556 1 1 0
4.88658 3.82235 3.82235 1 1 0
4.86684 3.81912 3.81912 1 1 0
4.84711 3.81588 3.81588 1 1 0
4.82737 3.81263 3.81263 1 1 0
4.80764 3.80936 3.80936 1 1 0
4.78791 3.80608 3.80608 1 1 0
4.76818 3.80279 3.80279 1 1 0
4.74846 3.79949 3.79949 1 1 0
4.72873 3.79618 3.79618 1 1 0
4.70901 3.79285 3.79285 1 1 0
4.68929 3.78951 3.78951 1 1 0
4.66958 3.78615 3.78615 1 1 0
4.64986 3.78278 3.78278 1 1 0
4.63015 3.7794 3.7794 1 1 0
4.61044 3.77601 3.77601 1 1 0
4.59073 3.7726 3.7726 1 1 0
4.57103 3.76918 3.76918 1 1 0
4.55133 3.76574 3.76574 1 1 0
4.53163 3.76229 3.76229 1 1 0
4.51193 3.75883 3.75883 1 1 0
4.49223 3.75535 3.75535 1 1 0
4.47254 3.75186 3.75186 1 1 0
4.45285 3.74835 3.74835 1 1 0
4.43316 3.74483 3.74483 1 1 0
4.41348 3.74129 3.74129 1 1 0
4.39379 3.73774 3.73774 1 1 0
4.37412 3.73418 3.73418 1 1 0
4.35444 3.7306 3.7306 1 1 0
4.33476 3.727 3.727 1 1 0
4.31509 3.72339 3.72339 1 1 0
4.29542 3.71976 3.71976 1 1 0
4.27576 3.71612 3.71612 1 1 0
4.2561 3.71247 3.71247 1 1 0
4.23644 3.70879 3.70879 1 1 0
4.21678 3.7051 3.7051 1 1 0
4.19712 3.7014 3.7014 1 1 0
4.17747 3.69768 3.69768 1 1 0
4.15783 3.69394 3.69394 1 1 0
4.13818 3.69019 3.69019 1 1 0
4.11854 3.68642 3.68642 1 1 0
4.0989 3.68263 3.68263 1 1 0
4.07927 3.67883 3.67883 1 1 0
4.05964 3.67501 3.67501 1 1 0
4.04001 3.67117 3.67117 1 1 0
4.02038 3.66731 3.66731 1 1 0
4.00076 3.66344 3.66344 1 1 0
3.98114 3.65955 3.65955 1 1 0
3.96153 3.65564 3.65564 1 1 0
3.94192 3.65172 3.65172 1 1 0
3.92231 3.64777 3.64777 1 1 0
3.90271 3.64381 3.64381 1 1 0
3.88311 3.63983 3.63983 1 1 0
3.86351 3.63583 3.63583 1 1 0
3.84392 3.63182 3.63182 1 1 0
3.82433 3.62778 3.62778 1 1 0
3.80475 3.62372 3.62372 1 1 0
3.78516 3.61965 3.61965 1 1 0
3.76559 3.61555 3.61555 1 1 0
3.74602 3.61144 3.61144 1 1 0
3.72645 3.6073 3.6073 1 1 0
3.70688 3.60315 3.60315 1 1 0
3.68732 3.59898 3.59898 1 1 0
3.66777 3.59478 3.59478 1 1 0
3.64822 3.59057 3.59057 1 1 0
3.62867 3.58633 3.58633 1 1 0
3.60913 3.58207 3.58207 1 1 0
3.58959 3.5778 3.5778 1 1 0
3.57006 3.5735 3.5735 1 1 0
3.55053 3.56918 3.56918 1 1 0
3.53101 3.56483 3.56483 1 1 0
3.51149 3.56047 3.56047 1 1 0
3.49198 3.55608 3.55608 1 1 0
3.47247 3.55167 3.55167 1 1 0
3.45297 3.54724 3.54724 1 1 0
3.43347 3.54278 3.54278 1 1 0
3.41398 3.5383 3.5383 1 1 0
3.39449 3.5338 3.5338 1 1 0
3.37501 3.52928 3.52928 1 1 0
3.35554 3.52473 3.52473 1 1 0
3.33607 3.52016 3.52016 1 1 0
3.3166 3.51556 3.51556 1 1 0
3.29714 3.51094 3.51094 1 1 0
3.27769 3.50629 3.50629 1 1 0
3.25824 3.50162 3.50162 1 1 0
3.2388 3.49692 3.49692 1 1 0
3.21937 3.4922 3.4922 1 1 0
3.19994 3.48745 3.48745 1 1 0
3.18052 3.48267 3.48267 1 1 0
3.1611 3.47787 3.47787 1 1 0
3.1417 3.47304 3.47304 1 1 0
3.12229 3.46819 3.46819 1 1 0
3.1029 3.46331 3.46331 1 1 0
3.08351 3.4584 3.4584 1 1 0
3.06413 3.45346 3.45346 1 1 0
3.04476 3.44849 3.44849 1 1 0
3.02539 3.4435 3.4435 1 1 0
3.00603 3.43847 3.43847 1 1 0
2.98668 3.43342 3.43342 1 1 0
2.96734 3.42834 3.42834 1 1 0
2.948 3.42323 3.42323 1 1 0
2.92867 3.41809 3.41809 1 1 0
2.90935 3.41291 3.41291 1 1 0
2.89004 3.40771 3.40771 1 1 0
2.87074 3.40248 3.40248 1 1 0
2.85144 3.39721 3.39721 1 1 0
2.83216 3.39191 3.39191 1 1 0
2.81288 3.38658 3.38658 1 1 0
2.79361 3.38122 3.38122 1 1 0
2.77436 3.37583 3.37583 1 1 0
2.75511 3.3704 3.3704 1 1 0
2.73587 3.36493 3.36493 1 1 0
2.71664 3.35944 3.35944 1 1 0
2.69742 3.35391 3.35391 1 1 0
2.67821 3.34834 3.34834 1 1 0
2.65901 3.34274 3.34274 1 1 0
2.63982 3.3371 3.3371 1 1 0
2.62064 3.33143 3.33143 1 1 0
2.60147 3.32572 3.32572 1 1 0
2.58232 3.31997 3.31997 1 1 0
2.56317 3.31419 3.31419 1 1 0
2.54404 3.30836 3.30836 1 1 0
2.52492 3.3025 3.3025 1 1 0
2.50581 3.2966 3.2966 1 1 0
2.48671 3.29066 3.29066 1 1 0
2.46762 3.28468 3.28468 1 1 0
2.44855 3.27866 3.27866 1 1 0
2.42949 3.2726 3.2726 1 1 0
2.41044 3.2665 3.2665 1 1 0
2.39141 3.26036 3.26036 1 1 0
2.39141 3.26036 3.26036 2 1 0
2.35339 3.24794 3.24794 1 1 0
2.3344 3.24167 3.24167 1 1 0
2.31542 3.23535 3.23535 1 1 0
2.29646 3.22899 3.22899 1 1 0
2.27751 3.22258 3.22258 1 1 0
2.25858 3.21613 3.21613 1 1 0
2.23967 3.20963 3.20963 1 1 0
2.22077 3.20308 3.20308 1 1 0
2.20189 3.19649 3.19649 1 1 0
2.18302 3.18985 3.18985 1 1 0
2.16418 3.18316 3.18316 1 1 0
2.14535 3.17641 3.17641 1 1 0
2.12653 3.16962 3.16962 1 1 0
2.10774 3.16278 3.16278 1 1 0
2.08897 3.15589 3.15589 1 1 0
2.07021 3.14894 3.14894 1 1 0
2.05148 3.14194 3.14194 1 1 0
2.03276 3.13489 3.13489 1 1 0
2.01407 3.12778 3.12778 1 1 0
1.99539 3.12062 3.12062 1 1 0
1.97674 3.1134 3.1134 1 1 0
1.95811 3.10613 3.10613 1 1 0
1.9395 3.09879 3.09879 1 1 0
1.92092 3.0914 3.0914 1 1 0
1.90236 3.08395 3.08395 1 1 0
1.88382 3.07644 3.07644 1 1 0
1.86531 3.06887 3.06887 1 1 0
1.84682 3.06124 3.06124 1 1 0
1.82836 3.05355 3.05355 1 1 0
1.80993 3.04579 3.04579 1 1 0
1.79152 3.03797 3.03797 1 1 0
1.77314 3.03008 3.03008 1 1 0
1.75479 3.02212 3.02212 1 1 0
1.73647 3.0141 3.0141 1 1 0
1.71818 3.00602 3.00602 1 1 0
1.69992 2.99786 2.99786 1 1 0
1.68169 2.98963 2.98963 1 1 0
1.66349 2.98134 2.98134 1 1 0
1.64532 2.97297 2.97297 1 1 0
1.62719 2.96452 2.96452 1 1 0
1.6091 2.95601 2.95601 1 1 0
1.59104 2.94742 2.94742 1 1 0
1.57301 2.93875 2.93875 1 1 0
1.55502 2.93001 2.93001 1 1 0
1.53707 2.92118 2.92118 1 1 0
1.51916 2.91228 2.91228 1 1 0
1.50129 2.9033 2.9033 1 1 0
1.48347 2.89424 2.89424 1 1 0
1.46568 2.88509 2.88509 1 1 0
1.44794 2.87586 2.87586 1 1 0
1.43024 2.86655 2.86655 1 1 0
1.41258 2.85715 2.85715 1 1 0
1.39498 2.84766 2.84766 1 1 0
1.37742 2.83808 2.83808 1 1 0
1.35991 2.82842 2.82842 1 1 0
1.34245 2.81866 2.81866 1 1 0
1.32504 2.80881 2.80881 1 1 0
1.30769 2.79887 2.79887 1 1 0
1.29039 2.78883 2.78883 1 1 0
1.27315 2.7787 2.7787 1 1 0
1.25596 2.76847 2.76847 1 1 0
1.23883 2.75814 2.75814 1 1 0
1.22177 2.74772 2.74772 1 1 0
1.20476 2.73719 2.73719 1 1 0
1.18782 2.72656 2.72656 1 1 0
1.17094 2.71582 2.71582 1 1 0
1.15414 2.70498 2.70498 1 1 0
1.1374 2.69404 2.69404 1 1 0
1.12073 2.68299 2.68299 1 1 0
1.10413 2.67183 2.67183 1 1 0
1.08761 2.66055 2.66055 1 1 0
1.07116 2.64917 2.64917 1 1 0
1.05479 2.63768 2.63768 1 1 0
1.03851 2.62607 2.62607 1 1 0
1.0223 2.61435 2.61435 1 1 0
1.00618 2.60251 2.60251 1 1 0
0.990144 2.59056 2.59056 1 1 0
0.974198 2.57849 2.57849 1 1 0
0.958342 2.5663 2.5663 1 1 0
0.94258 2.55399 2.55399 1 1 0
0.926913 2.54155 2.54155 1 1 0
0.911343 2.529 2.529 1 1 0
0.895874 2.51632 2.51632 1 1 0
0.880506 2.50352 2.50352 1 1 0
0.865244 2.4906 2.4906 1 1 0
0.850088 2.47754 2.47754 1 1 0
0.835043 2.46437 2.46437 1 1 0
0.820109 2.45106 2.45106 1 1 0
0.80529 2.43763 2.43763 1 1 0
0.790588 2.42407 2.42407 1 1 0
0.776006 2.41038 2.41038 1 1 0
0.761545 2.39656 2.39656 1 1 0
0.74721 2.38262 2.38262 1 1 0
0.733001 2.36854 2.36854 1 1 0
0.718922 2.35433 2.35433 1 1 0
0.704976 2.34 2.34 1 1 0
0.691164 2.32553 2.32553 1 1 0
0.677489 2.31094 2.31094 1 1 0
0.663953 2.29621 2.29621 1 1 0
0.65056 2.28136 2.28136 1 1 0
0.63731 2.26638 2.26638 1 1 0
0.624208 2.25126 2.25126 1 1 0
0.611254 2.23603 2.23603 1 1 0
0.598451 2.22066 2.22066 1 1 0
0.585801 2.20517 2.20517 1 1 0
0.573306 2.18955 2.18955 1 1 0
0.56097 2.17381 2.17381 1 1 0
0.548792 2.15794 2.15794 1 1 0
0.536775 2.14196 2.14196 1 1 0
0.524921 2.12585 2.12585 1 1 0
0.51323 2.10962 2.10962 1 1 0
0.501706 2.09327 2.09327 1 1 0
0.490349 2.07681 2.07681 1 1 0
0.479159 2.06024 2.06024 1 1 0
0.46814 2.04355 2.04355 1 1 0
0.457291 2.02674 2.02674 1 1 0
0.446613 2.00983 2.00983 1 1 0
0.436108 1.99281 1.99281 1 1 0
0.425776 1.97569 1.97569 1 1 0
0.415617 1.95846 1.95846 1 1 0
0.405631 1.94113 1.94113 1 1 0
0.39582 1.92371 1.92371 1 1 0
0.386183 1.90618 1.90618 1 1 0
0.37672 1.88856 1.88856 1 1 0
0.367431 1.87085 1.87085 1 1 0
0.358316 1.85305 1.85305 1 1 0
0.349374 1.83516 1.83516 1 1 0
0.340605 1.81718 1.81718 1 1 0
0.332007 1.79913 1.79913 1 1 0
0.323581 1.78099 1.78099 1 1 0
0.315325 1.76277 1.76277 1 1 0
0.307239 1.74448 1.74448 1 1 0
0.29932 1.72612 1.72612 1 1 0
0.291568 1.70768 1.70768 1 1 0
0.283982 1.68917 1.68917 1 1 0
0.27656 1.6706 1.6706 1 1 0
0.2693 1.65197 1.65197 1 1 0
0.262201 1.63327 1.63327 1 1 0
0.255261 1.61451 1.61451 1 1 0
0.248478 1.5957 1.5957 1 1 0
0.24185 1.57683 1.57683 1 1 0
0.235376 1.55791 1.55791 1 1 0
0.229053 1.53893 1.53893 1 1 0
0.222879 1.51991 1.51991 1 1 0
0.216853 1.50084 1.50084 1 1 0
0.210972 1.48172 1.48172 1 1 0
0.205233 1.46256 1.46256 1 1 0
0.199635 1.44336 1.44336 1 1 0
0.194176 1.42412 1.42412 1 1 0
0.188852 1.40485 1.40485 1 1 0
0.183662 1.38553 1.38553 1 1 0
0.178604 1.36618 1.36618 1 1 0
0.173674 1.3468 1.3468 1 1 0
0.168871 1.32738 1.32738 1 1 0
0.164192 1.30794 1.30794 1 1 0
0.159636 1.28847 1.28847 1 1 0
0.155199 1.26896 1.26896 1 1 0
0.150879 1.24944 1.24944 1 1 0
0.146673 1.22988 1.22988 1 1 0
0.142581 1.21031 1.21031 1 1 0
0.138598 1.19071 1.19071 1 1 0
0.134724 1.17109 1.17109 1 1 0
0.130955 1.15145 1.15145 1 1 0
0.127289 1.13178 1.13178 1 1 0
0.123724 1.1121 1.1121 1 1 0
0.120258 1.09241 1.09241 1 1 0
0.116889 1.07269 1.07269 1 1 0
0.113614 1.05296 1.05296 1 1 0
0.110432 1.03322 1.03322 1 1 0
0.107339 1.01346 1.01346 1 1 0
0.104335 0.993686 0.993686 1 1 0
0.101417 0.9739 0.9739 1 1 0
0.0985825 0.954102 0.954102 1 1 0
0.0958302 0.934292 0.934292 1 1 0
0.093158 0.914472 0.914472 1 1 0
0.0905638 0.894641 0.894641 1 1 0
0.0880459 0.8748 0.8748 1 1 0
0.0856022 0.85495 0.85495 1 1 0
0.0832311 0.835091 0.835091 1 1 0
0.0809306 0.815224 0.815224 1 1 0
0.0786991 0.795349 0.795349 1 1 0
0.0765348 0.775467 0.775467 1 1 0
0.074436 0.755578 0.755578 1 1 0
0.072401 0.735682 0.735682 1 1 0
0.0704283 0.715779 0.715779 1 1 0
0.0685161 0.695871 0.695871 1 1 0
0.066663 0.675958 0.675958 1 1 0
0.0648675 0.656039 0.656039 1 1 0
0.063128 0.636115 0.636115 1 1 0
0.061443 0.616186 0.616186 1 1 0
0.0598112 0.596253 0.596253 1 1 0
0.0582311 0.576316 0.576316 1 1 0
0.0567013 0.556374 0.556374 1 1 0
0.0552206 0.536429 0.536429 1 1 0
0.0537876 0.516481 0.516481 1 1 0
0.0524011 0.49653 0.49653 1 1 0
0.0510597 0.476575 0.476575 1 1 0
0.0497623 0.456617 0.456617 1 1 0
0.0485076 0.436657 0.436657 1 1 0
0.0485076 0.436657 0.436657 2 1 0
0.046122 0.396729 0.396729 1 1 0
0.0449889 0.376761 0.376761 1 1 0
0.0438939 0.356791 0.356791 1 1 0
0.0428363 0.33682 0.33682 1 1 0
0.0418148 0.316846 0.316846 1 1 0
0.0408285 0.296871 0.296871 1 1 0
0.0398764 0.276893 0.276893 1 1 0
0.0389575 0.256915 0.256915 1 1 0
0.038071 0.236935 0.236935 1 1 0
0.0372159 0.216953 0.216953 1 1 0
0.0363912 0.196971 0.196971 1 1 0
0.0355963 0.176987 0.176987 1 1 0
0.0348301 0.157002 0.157002 1 1 0
0.0340919 0.137016 0.137016 1 1 0
0.0333809 0.117029 0.117029 1 1 0
0.0326963 0.0970406 0.0970406 1 1 0
0.0320374 0.0770517 0.0770517 1 1 0
0.0314033 0.0570621 0.0570621 1 1 0
0.0307934 0.0370717 0.0370717 1 1 0
0.030207 0.0170806 0.0170806 1 1 0
0.0297268 5.00364e-05 5.00364e-05 1 1 0
0.0291806 -0.0199422 -0.0199422 2 1 0
0.0286574 -0.0399351 -0.0399351 2 1 0
0.028155 -0.0599285 -0.0599285 2 1 0
0.027673 -0.0799224 -0.0799224 2 1 0
0.0272107 -0.0999167 -0.0999167 2 1 0
0.0267674 -0.119912 -0.119912 2 1 0
0.0263427 -0.139907 -0.139907 2 1 0
0.025936 -0.159902 -0.159902 2 1 0
0.0255467 -0.179898 -0.179898 2 1 0
0.0251742 -0.199894 -0.199894 2 1 0
0.0248182 -0.219891 -0.219891 2 1 0
0.024478 -0.239888 -0.239888 2 1 0
0.0241532 -0.259885 -0.259885 2 1 0
0.0238433 -0.279882 -0.279882 2 1 0
0.0235479 -0.29988 -0.29988 2 1 0
0.0232665 -0.319877 -0.319877 2 1 0
0.0229986 -0.339875 -0.339875 2 1 0
0.0227439 -0.359873 -0.359873 2 1 0
0.0225019 -0.379872 -0.379872 2 1 0
0.0222722 -0.39987 -0.39987 2 1 0
0.0220545 -0.419868 -0.419868 2 1 0
0.0218483 -0.439867 -0.439867 2 1 0
0.0216532 -0.459866 -0.459866 2 1 0
0.021469 -0.479865 -0.479865 2 1 0
0.0212952 -0.499864 -0.499864 2 1 0
0.0211315 -0.519863 -0.519863 2 1 0
0.0209777 -0.539862 -0.539862 2 1 0
0.0208333 -0.559861 -0.559861 2 1 0
0.020698 -0.57986 -0.57986 2 1 0
0.0205716 -0.599859 -0.599859 2 1 0
0.0204537 -0.619859 -0.619859 2 1 0
0.0203441 -0.639858 -0.639858 2 1 0
0.0202424 -0.659858 -0.659858 2 1 0
0.0201485 -0.679857 -0.679857 2 1 0
0.020062 -0.699857 -0.699857 2 1 0
0.0199827 -0.719856 -0.719856 2 1 0
0.0199103 -0.739856 -0.739856 2 1 0
0.0198446 -0.759855 -0.759855 2 1 0
0.0197853 -0.779855 -0.779855 2 1 0
0.0197323 -0.799855 -0.799855 2 1 0
0.0196852 -0.819854 -0.819854 2 1 0
0.019644 -0.839854 -0.839854 2 1 0
0.0196083 -0.859854 -0.859854 2 1 0
0.019578 -0.879853 -0.879853 2 1 0
0.0195528 -0.899853 -0.899853 2 1 0
0.0195326 -0.919853 -0.919853 2 1 0
0.0195172 -0.939852 -0.939852 2 1 0
0.0195064 -0.959852 -0.959852 2 1 0
0.0195001 -0.979852 -0.979852 2 1 0
0.019498 -0.999851 -0.999851 2 1 0
0.019498 -1 -1 1 1 0
0.0195 -1.02 -1.02 1 1 0
0.0195059 -1.04 -1.04 1 1 0
0.0195156 -1.06 -1.06 1 1 0
0.019529 -1.08 -1.08 1 1 0
0.0195458 -1.1 -1.1 1 1 0
0.019566 -1.12 -1.12 1 1 0
0.0195893 -1.14 -1.14 1 1 0
0.0196157 -1.16 -1.16 1 1 0
0.019645 -1.18 -1.18 1 1 0
0.0196772 -1.2 -1.2 1 1 0
0.019712 -1.22 -1.22 1 1 0
0.0197493 -1.24 -1.24 1 1 0
0.0197891 -1.26 -1.26 1 1 0
0.0198313 -1.28 -1.28 1 1 0
0.0198757 -1.3 -1.3 1 1 0
0.0199222 -1.32 -1.32 1 1 0
0.0199707 -1.34 -1.34 1 1 0
0.0200211 -1.36 -1.36 1 1 0
0.0200734 -1.38 -1.38 1 1 0
0.0201274 -1.4 -1.4 1 1 0
0.020183 -1.42 -1.42 1 1 0
0.0202402 -1.44 -1.44 1 1 0
0.0202989 -1.46 -1.46 1 1 0
0.020359 -1.47999 -1.47999 1 1 0
0.0204204 -1.49999 -1.49999 1 1 0
0.020483 -1.51999 -1.51999 1 1 0
0.0205468 -1.53999 -1.53999 1 1 0
0.0206117 -1.55999 -1.55999 1 1 0
0.0206776 -1.57999 -1.57999 1 1 0
0.0207445 -1.59999 -1.59999 1 1 0
0.0208123 -1.61999 -1.61999 1 1 0
0.0208809 -1.63999 -1.63999 1 1 0
0.0209503 -1.65999 -1.65999 1 1 0
0.0210204 -1.67999 -1.67999 1 1 0
0.0210912 -1.69999 -1.69999 1 1 0
0.0211626 -1.71999 -1.71999 1 1 0
0.0212345 -1.73999 -1.73999 1 1 0
0.021307 -1.75999 -1.75999 1 1 0
0.0213799 -1.77999 -1.77999 1 1 0
0.0214532 -1.79999 -1.79999 1 1 0
0.0215269 -1.81999 -1.81999 1 1 0
0.0216009 -1.83999 -1.83999 1 1 0
0.0216752 -1.85999 -1.85999 1 1 0
0.0217498 -1.87999 -1.87999 1 1 0
0.0218245 -1.89999 -1.89999 1 1 0
0.0218994 -1.91999 -1.91999 1 1 0
0.0219745 -1.93998 -1.93998 1 1 0
0.0220496 -1.95998 -1.95998 1 1 0
0.0221248 -1.97998 -1.97998 1 1 0
0.0222 -1.99998 -1.99998 1 1 0
0.0222753 -2.01998 -2.01998 1 1 0
0.0223505 -2.03998 -2.03998 1 1 0
0.0224256 -2.05998 -2.05998 1 1 0
0.0225007 -2.07998 -2.07998 1 1 0
0.0225756 -2.09998 -2.09998 1 1 0
0.0226504 -2.11998 -2.11998 1 1 0
0.0227251 -2.13998 -2.13998 1 1 0
0.0227996 -2.15998 -2.15998 1 1 0
0.0228738 -2.17998 -2.17998 1 1 0
0.0229479 -2.19998 -2.19998 1 1 0
0.0230217 -2.21998 -2.21998 1 1 0
0.0230952 -2.23998 -2.23998 1 1 0
0.0231684 -2.25998 -2.25998 1 1 0
0.0232414 -2.27998 -2.27998 1 1 0
0.023314 -2.29998 -2.29998 1 1 0
0.0233863 -2.31998 -2.31998 1 1 0
0.0234582 -2.33998 -2.33998 1 1 0
0.0235298 -2.35998 -2.35998 1 1 0
0.023601 -2.37998 -2.37998 1 1 0
0.0236718 -2.39997 -2.39997 1 1 0
0.0237422 -2.41997 -2.41997 1 1 0
0.0238122 -2.43997 -2.43997 1 1 0
0.0238818 -2.45997 -2.45997 1 1 0
0.0239509 -2.47997 -2.47997 1 1 0
0.0240196 -2.49997 -2.49997 1 1 0
0.0240878 -2.51997 -2.51997 1 1 0
0.0241555 -2.53997 -2.53997 1 1 0
0.0242228 -2.55997 -2.55997 1 1 0
0.0242896 -2.57997 -2.57997 1 1 0
0.0243559 -2.59997 -2.59997 1 1 0
0.0244218 -2.61997 -2.61997 1 1 0
0.0244871 -2.63997 -2.63997 1 1 0
0.0245519 -2.65997 -2.65997 1 1 0
0.0246162 -2.67997 -2.67997 1 1 0
0.0246799 -2.69997 -2.69997 1 1 0
0.0247432 -2.71997 -2.71997 1 1 0
0.0248059 -2.73997 -2.73997 1 1 0
0.0248681 -2.75997 -2.75997 1 1 0
0.0249298 -2.77997 -2.77997 1 1 0
0.0249909 -2.79997 -2.79997 1 1 0
0.0250515 -2.81997 -2.81997 1 1 0
0.0251115 -2.83997 -2.83997 1 1 0
0.025171 -2.85997 -2.85997 1 1 0
0.02523 -2.87996 -2.87996 1 1 0
0.0252884 -2.89996 -2.89996 1 1 0
0.0253462 -2.91996 -2.91996 1 1 0
0.0254035 -2.93996 -2.93996 1 1 0
0.0254602 -2.95996 -2.95996 1 1 0
0.0255164 -2.97996 -2.97996 1 1 0
0.0255721 -2.99996 -2.99996 1 1 0
0.0256271 -3.01996 -3.01996 1 1 0
0.0256817 -3.03996 -3.03996 1 1 0
0.0257356 -3.05996 -3.05996 1 1 0
0.0257891 -3.07996 -3.07996 1 1 0
0.0258419 -3.09996 -3.09996 1 1 0
0.0258943 -3.11996 -3.11996 1 1 0
0.025946 -3.13996 -3.13996 1 1 0
0.0259972 -3.15996 -3.15996 1 1 0
0.0260479 -3.17996 -3.17996 1 1 0
0.026098 -3.19996 -3.19996 1 1 0
0.0261476 -3.21996 -3.21996 1 1 0
0.0261967 -3.23996 -3.23996 1 1 0
0.0262452 -3.25996 -3.25996 1 1 0
0.0262931 -3.27996 -3.27996 1 1 0
0.0263406 -3.29996 -3.29996 1 1 0
0.0263875 -3.31996 -3.31996 1 1 0
0.0264338 -3.33996 -3.33996 1 1 0
0.0264797 -3.35996 -3.35996 1 1 0
0.026525 -3.37996 -3.37996 1 1 0
0.0265698 -3.39995 -3.39995 1 1 0
0.026614 -3.41995 -3.41995 1 1 0
0.0266578 -3.43995 -3.43995 1 1 0
0.026701 -3.45995 -3.45995 1 1 0
0.0267438 -3.47995 -3.47995 1 1 0
0.026786 -3.49995 -3.49995 1 1 0
0.0268277 -3.51995 -3.51995 1 1 0
0.0268689 -3.53995 -3.53995 1 1 0
0.0297254 5.00364e-05 5.00364e-05 2 2 0
0.026951 4.42035e-19 4.42035e-19 1 2 0
0.024178 -1.20007e-10 -1.20007e-10 1 2 0
0.0214051 -2.63411e-16 -2.63411e-16 1 2 0
0.0186321 1.6387e-20 1.6387e-20 1 2 0
0.0158592 4.93038e-32 4.93038e-32 1 2 0
0.0130862 3.00927e-36 3.00927e-36 1 2 0
0.0103133 1.09476e-47 1.09476e-47 1 2 0
0.0075403 0 0 1 2 0
0.00476735 -2.43087e-63 -2.43087e-63 1 2 0
0.00199439 0 0 1 2 0
-0.000778568 0 0 1 2 0
0.0297254 5.00364e-05 5.00364e-05 2 2 0
0.0324963 2.25655e-11 2.25655e-11 1 2 0
0.0352699 -1.05746e-10 -1.05746e-10 2 2 0
0.0380429 -2.33003e-16 -2.33003e-16 2 2 0
0.0408158 -1.23567e-20 -1.23567e-20 2 2 0
0.0435888 1.47911e-31 1.47911e-31 2 2 0
0.0463618 0 0 2 2 0
0.0491347 0 0 2 2 0
0.0519077 0 0 2 2 0
0.0546806 0 0 2 2 0
0.0574536 0 0 2 2 0
0.0602265 0 0 2 2 0
0.0629995 0 0 2 2 0
0.0657725 0 0 2 2 0
0.0685454 0 0 2 2 0
0.0713184 0 0 2 2 0
0.0740913 0 0 2 2 0
0.0768643 0 0 2 2 0
0.0796373 0 0 2 2 0
0.0824102 0 0 2 2 0
0.0851832 0 0 2 2 0
0.0879561 0 0 2 2 0
0.0907291 0 0 2 2 0
0.093502 0 0 2 2 0
0.096275 0 0 2 2 0
0.099048 0 0 2 2 0
0.101821 0 0 2 2 0
0.104594 0 0 2 2 0
0.107367 0 0 2 2 0
0.11014 0 0 2 2 0
0.112913 0 0 2 2 0
0.115686 0 0 2 2 0
0.118459 0 0 2 2 0
0.121232 0 0 2 2 0
0.124005 0 0 2 2 0
0.126778 0 0 2 2 0
0.12955 0 0 2 2 0
0.132323 0 0 2 2 0
0.135096 0 0 2 2 0
0.137869 0 0 2 2 0
0.140642 0 0 2 2 0
0.143415 0 0 2 2 0
0.146188 0 0 2 2 0
0.148961 0 0 2 2 0
0.151734 0 0 2 2 0
0.154507 0 0 2 2 0
0.15728 0 0 2 2 0
0.160053 0 0 2 2 0
0.162826 0 0 2 2 0
0.165599 0 0 2 2 0
0.168372 0 0 2 2 0
0.171145 0 0 2 2 0
0.173918 0 0 2 2 0
0.176691 0 0 2 2 0
0.179464 0 0 2 2 0
0.182237 0 0 2 2 0
0.18501 0 0 2 2 0
0.187783 0 0 2 2 0
0.190556 0 0 2 2 0
0.193328 0 0 2 2 0
0.196101 0 0 2 2 0
0.198874 0 0 2 2 0
0.201647 0 0 2 2 0
0.20442 0 0 2 2 0
0.207193 0 0 2 2 0
0.209966 0 0 2 2 0
0.212739 0 0 2 2 0
0.215512 0 0 2 2 0
0.218285 0 0 2 2 0
0.221058 0 0 2 2 0
0.223831 0 0 2 2 0
0.226604 0 0 2 2 0
0.229377 0 0 2 2 0
0.23215 0 0 2 2 0
0.234923 0 0 2 2 0
0.237696 0 0 2 2 0
0.240469 0 0 2 2 0
0.243242 0 0 2 2 0
0.246015 0 0 2 2 0
0.248788 0 0 2 2 0
0.251561 0 0 2 2 0
0.254334 0 0 2 2 0
0.257107 0 0 2 2 0
0.259879 0 0 2 2 0
0.262652 0 0 2 2 0
0.265425 0 0 2 2 0
0.268198 0 0 2 2 0
0.270971 0 0 2 2 0
0.273744 0 0 2 2 0
0.276517 0 0 2 2 0
0.27929 0 0 2 2 0
0.282063 0 0 2 2 0
0.284836 0 0 2 2 0
0.287609 0 0 2 2 0
0.290382 0 0 2 2 0
0.293155 0 0 2 2 0
0.295928 0 0 2 2 0
0.298701 0 0 2 2 0
0.301474 0 0 2 2 0
0.304247 0 0 2 2 0
0.30702 0 0 2 2 0
0.309793 0 0 2 2 0
0.312566 0 0 2 2 0
0.315339 0 0 2 2 0
0.318112 0 0 2 2 0
0.320885 0 0 2 2 0
0.323657 0 0 2 2 0
0.32643 0 0 2 2 0
0.329203 0 0 2 2 0
0.331976 0 0 2 2 0
0.334749 0 0 2 2 0
0.337522 0 0 2 2 0
0.340295 0 0 2 2 0
0.343068 0 0 2 2 0
0.345841 0 0 2 2 0
0.348614 0 0 2 2 0
0.351387 0 0 2 2 0
0.35416 0 0 2 2 0
0.356933 0 0 2 2 0
0.359706 0 0 2 2 0
0.362479 0 0 2 2 0
0.365252 0 0 2 2 0
0.368025 0 0 2 2 0
0.370798 0 0 2 2 0
0.373571 0 0 2 2 0
0.376344 0 0 2 2 0
0.379117 0 0 2 2 0
0.38189 0 0 2 2 0
0.384663 0 0 2 2 0
0.387435 0 0 2 2 0
0.390208 0 0 2 2 0
0.392981 0 0 2 2 0
0.395754 0 0 2 2 0
0.398527 0 0 2 2 0
0.4013 0 0 2 2 0
0.404073 0 0 2 2 0
0.406846 0 0 2 2 0
0.409619 0 0 2 2 0
0.412392 0 0 2 2 0
0.415165 0 0 2 2 0
0.417938 0 0 2 2 0
0.420711 0 0 2 2 0
0.423484 0 0 2 2 0
0.426257 0 0 2 2 0
0.42903 0 0 2 2 0
0.431803 0 0 2 2 0
0.434576 0 0 2 2 0
0.437349 0 0 2 2 0
0.440122 0 0 2 2 0
0.442895 0 0 2 2 0
0.445668 0 0 2 2 0
0.448441 0 0 2 2 0
0.451214 0 0 2 2 0
0.453986 0 0 2 2 0
0.456759 0 0 2 2 0
0.459532 0 0 2 2 0
0.462305 0 0 2 2 0
0.465078 0 0 2 2 0
0.467851 0 0 2 2 0
0.470624 0 0 2 2 0
0.473397 0 0 2 2 0
0.47617 0 0 2 2 0
0.478943 0 0 2 2 0
0.481716 0 0 2 2 0
0.484489 0 0 2 2 0
0.487262 0 0 2 2 0
0.490035 0 0 2 2 0
0.492808 0 0 2 2 0
0.495581 0 0 2 2 0
0.498354 0 0 2 2 0
0.501127 0 0 2 2 0
0.5039 0 0 2 2 0
0.506673 0 0 2 2 0
0.509446 0 0 2 2 0
0.512219 0 0 2 2 0
0.514992 0 0 2 2 0
0.517764 0 0 2 2 0
0.520537 0 0 2 2 0
0.52331 0 0 2 2 0
0.526083 0 0 2 2 0
0.528856 0 0 2 2 0
0.531629 0 0 2 2 0
0.534402 0 0 2 2 0
0.537175 0 0 2 2 0
0.539948 0 0 2 2 0
0.542721 0 0 2 2 0
0.545494 0 0 2 2 0
0.548267 0 0 2 2 0
0.55104 0 0 2 2 0
0.553813 0 0 2 2 0
0.556586 0 0 2 2 0
0.559359 0 0 2 2 0
0.562132 0 0 2 2 0
0.564905 0 0 2 2 0
0.567678 0 0 2 2 0
0.570451 0 0 2 2 0
0.573224 0 0 2 2 0
0.575997 0 0 2 2 0
0.57877 0 0 2 2 0
0.581542 0 0 2 2 0
0.0485076 0.436657 0.436657 2 1 0
0.046122 0.396729 0.396729 1 1 0
0.0449889 0.376761 0.376761 1 1 0
0.0438939 0.356791 0.356791 1 1 0
0.0428363 0.33682 0.33682 1 1 0
0.0418148 0.316846 0.316846 1 1 0
0.0408285 0.296871 0.296871 1 1 0
0.0398764 0.276893 0.276893 1 1 0
0.0389575 0.256915 0.256915 1 1 0
0.038071 0.236935 0.236935 1 1 0
0.0372159 0.216953 0.216953 1 1 0
0.0363912 0.196971 0.196971 1 1 0
0.0355963 0.176987 0.176987 1 1 0
0.0348301 0.157002 0.157002 1 1 0
0.0340919 0.137016 0.137016 1 1 0
0.0333809 0.117029 0.117029 1 1 0
0.0326963 0.0970406 0.0970406 1 1 0
0.0320374 0.0770517 0.0770517 1 1 0
0.0314033 0.0570621 0.0570621 1 1 0
0.0307934 0.0370717 0.0370717 1 1 0
0.030207 0.0170806 0.0170806 1 1 0
0.0297268 5.00364e-05 5.00364e-05 1 1 0
0.0291806 -0.0199422 -0.0199422 2 1 0
0.0286574 -0.0399351 -0.0399351 2 1 0
0.028155 -0.0599285 -0.0599285 2 1 0
0.027673 -0.0799224 -0.0799224 2 1 0
0.0272107 -0.0999167 -0.0999167 2 1 0
0.0267674 -0.119912 -0.119912 2 1 0
0.0263427 -0.139907 -0.139907 2 1 0
0.025936 -0.159902 -0.159902 2 1 0
0.0255467 -0.179898 -0.179898 2 1 0
0.0251742 -0.199894 -0.199894 2 1 0
0.0248182 -0.219891 -0.219891 2 1 0
0.024478 -0.239888 -0.239888 2 1 0
0.0241532 -0.259885 -0.259885 2 1 0
0.0238433 -0.279882 -0.279882 2 1 0
0.0235479 -0.29988 -0.29988 2 1 0
0.0232665 -0.319877 -0.319877 2 1 0
0.0229986 -0.339875 -0.339875 2 1 0
0.0227439 -0.359873 -0.359873 2 1 0
0.0225019 -0.379872 -0.379872 2 1 0
0.0222722 -0.39987 -0.39987 2 1 0
0.0220545 -0.419868 -0.419868 2 1 0
0.0218483 -0.439867 -0.439867 2 1 0
0.0216532 -0.459866 -0.459866 2 1 0
0.021469 -0.479865 -0.479865 2 1 0
0.0212952 -0.499864 -0.499864 2 1 0
0.0211315 -0.519863 -0.519863 2 1 0
0.0209777 -0.539862 -0.539862 2 1 0
0.0208333 -0.559861 -0.559861 2 1 0
0.020698 -0.57986 -0.57986 2 1 0
0.0205716 -0.599859 -0.599859 2 1 0
0.0204537 -0.619859 -0.619859 2 1 0
0.0203441 -0.639858 -0.639858 2 1 0
0.0202424 -0.659858 -0.659858 2 1 0
0.0201485 -0.679857 -0.679857 2 1 0
0.020062 -0.699857 -0.699857 2 1 0
0.0199827 -0.719856 -0.719856 2 1 0
0.0199103 -0.739856 -0.739856 2 1 0
0.0198446 -0.759855 -0.759855 2 1 0
0.0197853 -0.779855 -0.779855 2 1 0
0.0197323 -0.799855 -0.799855 2 1 0
0.0196852 -0.819854 -0.819854 2 1 0
0.019644 -0.839854 -0.839854 2 1 0
0.0196083 -0.859854 -0.859854 2 1 0
0.019578 -0.879853 -0.879853 2 1 0
0.0195528 -0.899853 -0.899853 2 1 0
0.0195326 -0.919853 -0.919853 2 1 0
0.0195172 -0.939852 -0.939852 2 1 0
0.0195064 -0.959852 -0.959852 2 1 0
0.0195001 -0.979852 -0.979852 2 1 0
0.019498 -0.999851 -0.999851 2 1 0
0.019498 -1 -1 1 1 0
0.0195 -1.02 -1.02 1 1 0
0.0195059 -1.04 -1.04 1 1 0
0.0195156 -1.06 -1.06 1 1 0
0.019529 -1.08 -1.08 1 1 0
0.0195458 -1.1 -1.1 1 1 0
0.019566 -1.12 -1.12 1 1 0
0.0195893 -1.14 -1.14 1 1 0
0.0196157 -1.16 -1.16 1 1 0
0.019645 -1.18 -1.18 1 1 0
0.0196772 -1.2 -1.2 1 1 0
0.019712 -1.22 -1.22 1 1 0
0.0197493 -1.24 -1.24 1 1 0
0.0197891 -1.26 -1.26 1 1 0
0.0198313 -1.28 -1.28 1 1 0
0.0198757 -1.3 -1.3 1 1 0
0.0199222 -1.32 -1.32 1 1 0
0.0199707 -1.34 -1.34 1 1 0
0.0200211 -1.36 -1.36 1 1 0
0.0200734 -1.38 -1.38 1 1 0
0.0201274 -1.4 -1.4 1 1 0
0.020183 -1.42 -1.42 1 1 0
0.0202402 -1.44 -1.44 1 1 0
0.0202989 -1.46 -1.46 1 1 0
0.020359 -1.47999 -1.47999 1 1 0
0.0204204 -1.49999 -1.49999 1 1 0
0.020483 -1.51999 -1.51999 1 1 0
0.0205468 -1.53999 -1.53999 1 1 0
0.0206117 -1.55999 -1.55999 1 1 0
0.0206776 -1.57999 -1.57999 1 1 0
0.0207445 -1.59999 -1.59999 1 1 0
0.0208123 -1.61999 -1.61999 1 1 0
0.0208809 -1.63999 -1.63999 1 1 0
0.0209503 -1.65999 -1.65999 1 1 0
0.0210204 -1.67999 -1.67999 1 1 0
0.0210912 -1.69999 -1.69999 1 1 0
0.0211626 -1.71999 -1.71999 1 1 0
0.0212345 -1.73999 -1.73999 1 1 0
0.021307 -1.75999 -1.75999 1 1 0
0.0213799 -1.77999 -1.77999 1 1 0
0.0214532 -1.79999 -1.79999 1 1 0
0.0215269 -1.81999 -1.81999 1 1 0
0.0216009 -1.83999 -1.83999 1 1 0
0.0216752 -1.85999 -1.85999 1 1 0
0.0217498 -1.87999 -1.87999 1 1 0
0.0218245 -1.89999 -1.89999 1 1 0
0.0218994 -1.91999 -1.91999 1 1 0
0.0219745 -1.93998 -1.93998 1 1 0
0.0220496 -1.95998 -1.95998 1 1 0
0.0221248 -1.97998 -1.97998 1 1 0
0.0222 -1.99998 -1.99998 1 1 0
0.0222753 -2.01998 -2.01998 1 1 0
0.0223505 -2.03998 -2.03998 1 1 0
0.0224256 -2.05998 -2.05998 1 1 0
0.0225007 -2.07998 -2.07998 1 1 0
0.0225756 -2.09998 -2.09998 1 1 0
0.0226504 -2.11998 -2.11998 1 1 0
0.0227251 -2.13998 -2.13998 1 1 0
0.0227996 -2.15998 -2.15998 1 1 0
0.0228738 -2.17998 -2.17998 1 1 0
0.0229479 -2.19998 -2.19998 1 1 0
0.0230217 -2.21998 -2.21998 1 1 0
0.0230952 -2.23998 -2.23998 1 1 0
0.0231684 -2.25998 -2.25998 1 1 0
0.0232414 -2.27998 -2.27998 1 1 0
0.023314 -2.29998 -2.29998 1 1 0
0.0233863 -2.31998 -2.31998 1 1 0
0.0234582 -2.33998 -2.33998 1 1 0
0.0235298 -2.35998 -2.35998 1 1 0
0.023601 -2.37998 -2.37998 1 1 0
0.0236718 -2.39997 -2.39997 1 1 0
0.0237422 -2.41997 -2.41997 1 1 0
0.0238122 -2.43997 -2.43997 1 1 0
0.0238818 -2.45997 -2.45997 1 1 0
0.0239509 -2.47997 -2.47997 1 1 0
0.0240196 -2.49997 -2.49997 1 1 0
0.0240878 -2.51997 -2.51997 1 1 0
0.0241555 -2.53997 -2.53997 1 1 0
0.0242228 -2.55997 -2.55997 1 1 0
0.0242896 -2.57997 -2.57997 1 1 0
0.0243559 -2.59997 -2.59997 1 1 0
0.0244218 -2.61997 -2.61997 1 1 0
0.0244871 -2.63997 -2.63997 1 1 0
0.0245519 -2.65997 -2.65997 1 1 0
0.0246162 -2.67997 -2.67997 1 1 0
0.0246799 -2.69997 -2.69997 1 1 0
0.0247432 -2.71997 -2.71997 1 1 0
0.0248059 -2.73997 -2.73997 1 1 0
0.0248681 -2.75997 -2.75997 1 1 0
0.0249298 -2.77997 -2.77997 1 1 0
0.0249909 -2.79997 -2.79997 1 1 0
0.0250515 -2.81997 -2.81997 1 1 0
0.0251115 -2.83997 -2.83997 1 1 0
0.025171 -2.85997 -2.85997 1 1 0
0.02523 -2.87996 -2.87996 1 1 0
0.0252884 -2.89996 -2.89996 1 1 0
0.0253462 -2.91996 -2.91996 1 1 0
0.0254035 -2.93996 -2.93996 1 1 0
0.0254602 -2.95996 -2.95996 1 1 0
0.0255164 -2.97996 -2.97996 1 1 0
0.0255721 -2.99996 -2.99996 1 1 0
0.0256271 -3.01996 -3.01996 1 1 0
0.0256817 -3.03996 -3.03996 1 1 0
0.0257356 -3.05996 -3.05996 1 1 0
0.0257891 -3.07996 -3.07996 1 1 0
0.0258419 -3.09996 -3.09996 1 1 0
0.0258943 -3.11996 -3.11996 1 1 0
0.025946 -3.13996 -3.13996 1 1 0
0.0259972 -3.15996 -3.15996 1 1 0
0.0260479 -3.17996 -3.17996 1 1 0
0.026098 -3.19996 -3.19996 1 1 0
0.0261476 -3.21996 -3.21996 1 1 0
0.0261967 -3.23996 -3.23996 1 1 0
0.0262452 -3.25996 -3.25996 1 1 0
0.0262931 -3.27996 -3.27996 1 1 0
0.0263406 -3.29996 -3.29996 1 1 0
0.0263875 -3.31996 -3.31996 1 1 0
0.0264338 -3.33996 -3.33996 1 1 0
0.0264797 -3.35996 -3.35996 1 1 0
0.026525 -3.37996 -3.37996 1 1 0
0.0265698 -3.39995 -3.39995 1 1 0
0.026614 -3.41995 -3.41995 1 1 0
0.0266578 -3.43995 -3.43995 1 1 0
0.026701 -3.45995 -3.45995 1 1 0
0.0267438 -3.47995 -3.47995 1 1 0
0.026786 -3.49995 -3.49995 1 1 0
0.0268277 -3.51995 -3.51995 1 1 0
0.0268689 -3.53995 -3.53995 1 1 0
0.0297254 5.00364e-05 5.00364e-05 2 2 0
0.026951 4.42035e-19 4.42035e-19 1 2 0
0.024178 -1.20007e-10 -1.20007e-10 1 2 0
0.0214051 -2.63411e-16 -2.63411e-16 1 2 0
0.0186321 1.6387e-20 1.6387e-20 1 2 0
0.0158592 4.93038e-32 4.93038e-32 1 2 0
0.0130862 3.00927e-36 3.00927e-36 1 2 0
0.0103133 1.09476e-47 1.09476e-47 1 2 0
0.0075403 0 0 1 2 0
0.00476735 -2.43087e-63 -2.43087e-63 1 2 0
0.00199439 0 0 1 2 0
-0.000778568 0 0 1 2 0
0.0297254 5.00364e-05 5.00364e-05 2 2 0
0.0324963 2.25655e-11 2.25655e-11 1 2 0
0.0352699 -1.05746e-10 -1.05746e-10 2 2 0
0.0380429 -2.33003e-16 -2.33003e-16 2 2 0
0.0408158 -1.23567e-20 -1.23567e-20 2 2 0
0.0435888 1.47911e-31 1.47911e-31 2 2 0
0.0463618 0 0 2 2 0
0.0491347 0 0 2 2 0
0.0519077 0 0 2 2 0
0.0546806 0 0 2 2 0
0.0574536 0 0 2 2 0
0.0602265 0 0 2 2 0
0.0629995 0 0 2 2 0
0.0657725 0 0 2 2 0
0.0685454 0 0 2 2 0
0.0713184 0 0 2 2 0
0.0740913 0 0 2 2 0
0.0768643 0 0 2 2 0
0.0796373 0 0 2 2 0
0.0824102 0 0 2 2 0
0.0851832 0 0 2 2 0
0.0879561 0 0 2 2 0
0.0907291 0 0 2 2 0
0.093502 0 0 2 2 0
0.096275 0 0 2 2 0
0.099048 0 0 2 2 0
0.101821 0 0 2 2 0
0.104594 0 0 2 2 0
0.107367 0 0 2 2 0
0.11014 0 0 2 2 0
0.112913 0 0 2 2 0
0.115686 0 0 2 2 0
0.118459 0 0 2 2 0
0.121232 0 0 2 2 0
0.124005 0 0 2 2 0
0.126778 0 0 2 2 0
0.12955 0 0 2 2 0
0.132323 0 0 2 2 0
0.135096 0 0 2 2 0
0.137869 0 0 2 2 0
0.140642 0 0 2 2 0
0.143415 0 0 2 2 0
0.146188 0 0 2 2 0
0.148961 0 0 2 2 0
0.151734 0 0 2 2 0
0.154507 0 0 2 2 0
0.15728 0 0 2 2 0
0.160053 0 0 2 2 0
0.162826 0 0 2 2 0
0.165599 0 0 2 2 0
0.168372 0 0 2 2 0
0.171145 0 0 2 2 0
0.173918 0 0 2 2 0
0.176691 0 0 2 2 0
0.179464 0 0 2 2 0
0.182237 0 0 2 2 0
0.18501 0 0 2 2 0
0.187783 0 0 2 2 0
0.190556 0 0 2 2 0
0.193328 0 0 2 2 0
0.196101 0 0 2 2 0
0.198874 0 0 2 2 0
0.201647 0 0 2 2 0
0.20442 0 0 2 2 0
0.207193 0 0 2 2 0
0.209966 0 0 2 2 0
0.212739 0 0 2 2 0
0.215512 0 0 2 2 0
0.218285 0 0 2 2 0
0.221058 0 0 2 2 0
0.223831 0 0 2 2 0
0.226604 0 0 2 2 0
0.229377 0 0 2 2 0
0.23215 0 0 2 2 0
0.234923 0 0 2 2 0
0.237696 0 0 2 2 0
0.240469 0 0 2 2 0
0.243242 0 0 2 2 0
0.246015 0 0 2 2 0
0.248788 0 0 2 2 0
0.251561 0 0 2 2 0
0.254334 0 0 2 2 0
0.257107 0 0 2 2 0
0.259879 0 0 2 2 0
0.262652 0 0 2 2 0
0.265425 0 0 2 2 0
0.268198 0 0 2 2 0
0.270971 0 0 2 2 0
0.273744 0 0 2 2 0
0.276517 0 0 2 2 0
0.27929 0 0 2 2 0
0.282063 0 0 2 2 0
0.284836 0 0 2 2 0
0.287609 0 0 2 2 0
0.290382 0 0 2 2 0
0.293155 0 0 2 2 0
0.295928 0 0 2 2 0
0.298701 0 0 2 2 0
0.301474 0 0 2 2 0
0.304247 0 0 2 2 0
0.30702 0 0 2 2 0
0.309793 0 0 2 2 0
0.312566 0 0 2 2 0
0.315339 0 0 2 2 0
0.318112 0 0 2 2 0
0.320885 0 0 2 2 0
0.323657 0 0 2 2 0
0.32643 0 0 2 2 0
0.329203 0 0 2 2 0
0.331976 0 0 2 2 0
0.334749 0 0 2 2 0
0.337522 0 0 2 2 0
0.340295 0 0 2 2 0
0.343068 0 0 2 2 0
0.345841 0 0 2 2 0
0.348614 0 0 2 2 0
0.351387 0 0 2 2 0
0.35416 0 0 2 2 0
0.356933 0 0 2 2 0
0.359706 0 0 2 2 0
0.362479 0 0 2 2 0
0.365252 0 0 2 2 0
0.368025 0 0 2 2 0
0.370798 0 0 2 2 0
0.373571 0 0 2 2 0
0.376344 0 0 2 2 0
0.379117 0 0 2 2 0
0.38189 0 0 2 2 0
0.384663 0 0 2 2 0
0.387435 0 0 2 2 0
0.390208 0 0 2 2 0
0.392981 0 0 2 2 0
0.395754 0 0 2 2 0
0.398527 0 0 2 2 0
0.4013 0 0 2 2 0
0.404073 0 0 2 2 0
0.406846 0 0 2 2 0
0.409619 0 0 2 2 0
0.412392 0 0 2 2 0
0.415165 0 0 2 2 0
0.417938 0 0 2 2 0
0.420711 0 0 2 2 0
0.423484 0 0 2 2 0
0.426257 0 0 2 2 0
0.42903 0 0 2 2 0
0.431803 0 0 2 2 0
0.434576 0 0 2 2 0
0.437349 0 0 2 2 0
0.440122 0 0 2 2 0
0.442895 0 0 2 2 0
0.445668 0 0 2 2 0
0.448441 0 0 2 2 0
0.451214 0 0 2 2 0
0.453986 0 0 2 2 0
0.456759 0 0 2 2 0
0.459532 0 0 2 2 0
0.462305 0 0 2 2 0
0.465078 0 0 2 2 0
0.467851 0 0 2 2 0
0.470624 0 0 2 2 0
0.473397 0 0 2 2 0
0.47617 0 0 2 2 0
0.478943 0 0 2 2 0
0.481716 0 0 2 2 0
0.484489 0 0 2 2 0
0.487262 0 0 2 2 0
0.490035 0 0 2 2 0
0.492808 0 0 2 2 0
0.495581 0 0 2 2 0
0.498354 0 0 2 2 0
0.501127 0 0 2 2 0
0.5039 0 0 2 2 0
0.506673 0 0 2 2 0
0.509446 0 0 2 2 0
0.512219 0 0 2 2 0
0.514992 0 0 2 2 0
0.517764 0 0 2 2 0
0.520537 0 0 2 2 0
0.52331 0 0 2 2 0
0.526083 0 0 2 2 0
0.528856 0 0 2 2 0
0.531629 0 0 2 2 0
0.534402 0 0 2 2 0
0.537175 0 0 2 2 0
0.539948 0 0 2 2 0
0.542721 0 0 2 2 0
0.545494 0 0 2 2 0
0.548267 0 0 2 2 0
0.55104 0 0 2 2 0
0.553813 0 0 2 2 0
0.556586 0 0 2 2 0
0.559359 0 0 2 2 0
0.562132 0 0 2 2 0
0.564905 0 0 2 2 0
0.567678 0 0 2 2 0
0.570451 0 0 2 2 0
0.573224 0 0 2 2 0
0.575997 0 0 2 2 0
0.57877 0 0 2 2 0
0.581542 0 0 2 2 0
0.0485076 0.436657 0.436657 2 1 0
0.046122 0.396729 0.396729 1 1 0
0.0449889 0.376761 0.376761 1 1 0
0.0438939 0.356791 0.356791 1 1 0
0.0428363 0.33682 0.33682 1 1 0
0.0418148 0.316846 0.316846 1 1 0
0.0408285 0.296871 0.296871 1 1 0
0.0398764 0.276893 0.276893 1 1 0
0.0389575 0.256915 0.256915 1 1 0
0.038071 0.236935 0.236935 1 1 0
0.0372159 0.216953 0.216953 1 1 0
0.0363912 0.196971 0.196971 1 1 0
0.0355963 0.176987 0.176987 1 1 0
0.0348301 0.157002 0.157002 1 1 0
0.0340919 0.137016 0.137016 1 1 0
0.0333809 0.117029 0.117029 1 1 0
0.0326963 0.0970406 0.0970406 1 1 0
0.0320374 0.0770517 0.0770517 1 1 0
0.0314033 0.0570621 0.0570621 1 1 0
0.0307934 0.0370717 0.0370717 1 1 0
0.030207 0.0170806 0.0170806 1 1 0
0.0297268 5.00364e-05 5.00364e-05 1 1 0
0.0291806 -0.0199422 -0.0199422 2 1 0
0.0286574 -0.0399351 -0.0399351 2 1 0
0.028155 -0.0599285 -0.0599285 2 1 0
0.027673 -0.0799224 -0.0799224 2 1 0
0.0272107 -0.0999167 -0.0999167 2 1 0
0.0267674 -0.119912 -0.119912 2 1 0
0.0263427 -0.139907 -0.139907 2 1 0
0.025936 -0.159902 -0.159902 2 1 0
0.0255467 -0.179898 -0.179898 2 1 0
0.0251742 -0.199894 -0.199894 2 1 0
0.0248182 -0.219891 -0.219891 2 1 0
0.024478 -0.239888 -0.239888 2 1 0
0.0241532 -0.259885 -0.259885 2 1 0
0.0238433 -0.279882 -0.279882 2 1 0
0.0235479 -0.29988 -0.29988 2 1 0
0.0232665 -0.319877 -0.319877 2 1 0
0.0229986 -0.339875 -0.339875 2 1 0
0.0227439 -0.359873 -0.359873 2 1 0
0.0225019 -0.379872 -0.379872 2 1 0
0.0222722 -0.39987 -0.39987 2 1 0
0.0220545 -0.419868 -0.419868 2 1 0
0.0218483 -0.439867 -0.439867 2 1 0
0.0216532 -0.459866 -0.459866 2 1 0
0.021469 -0.479865 -0.479865 2 1 0
0.0212952 -0.499864 -0.499864 2 1 0
0.0211315 -0.519863 -0.519863 2 1 0
0.0209777 -0.539862 -0.539862 2 1 0
0.0208333 -0.559861 -0.559861 2 1 0
0.020698 -0.57986 -0.57986 2 1 0
0.0205716 -0.599859 -0.599859 2 1 0
0.0204537 -0.619859 -0.619859 2 1 0
0.0203441 -0.639858 -0.639858 2 1 0
0.0202424 -0.659858 -0.659858 2 1 0
0.0201485 -0.679857 -0.679857 2 1 0
0.020062 -0.699857 -0.699857 2 1 0
0.0199827 -0.719856 -0.719856 2 1 0
0.0199103 -0.739856 -0.739856 2 1 0
0.0198446 -0.759855 -0.759855 2 1 0
0.0197853 -0.779855 -0.779855 2 1 0
0.0197323 -0.799855 -0.799855 2 1 0
0.0196852 -0.819854 -0.819854 2 1 0
0.019644 -0.839854 -0.839854 2 1 0
0.0196083 -0.859854 -0.859854 2 1 0
0.019578 -0.879853 -0.879853 2 1 0
0.0195528 -0.899853 -0.899853 2 1 0
0.0195326 -0.919853 -0.919853 2 1 0
0.0195172 -0.939852 -0.939852 2 1 0
0.0195064 -0.959852 -0.959852 2 1 0
0.0195001 -0.979852 -0.979852 2 1 0
0.019498 -0.999851 -0.999851 2 1 0
0.019498 -1 -1 1 1 0
0.0195 -1.02 -1.02 1 1 0
0.0195059 -1.04 -1.04 1 1 0
0.0195156 -1.06 -1.06 1 1 0
0.019529 -1.08 -1.08 1 1 0
0.0195458 -1.1 -1.1 1 1 0
0.019566 -1.12 -1.12 1 1 0
0.0195893 -1.14 -1.14 1 1 0
0.0196157 -1.16 -1.16 1 1 0
0.019645 -1.18 -1.18 1 1 0
0.0196772 -1.2 -1.2 1 1 0
0.019712 -1.22 -1.22 1 1 0
0.0197493 -1.24 -1.24 1 1 0
0.0197891 -1.26 -1.26 1 1 0
0.0198313 -1.28 -1.28 1 1 0
0.0198757 -1.3 -1.3 1 1 0
0.0199222 -1.32 -1.32 1 1 0
0.0199707 -1.34 -1.34 1 1 0
0.0200211 -1.36 -1.36 1 1 0
0.0200734 -1.38 -1.38 1 1 0
0.0201274 -1.4 -1.4 1 1 0
0.020183 -1.42 -1.42 1 1 0
0.0202402 -1.44 -1.44 1 1 0
0.0202989 -1.46 -1.46 1 1 0
0.020359 -1.47999 -1.47999 1 1 0
0.0204204 -1.49999 -1.49999 1 1 0
0.020483 -1.51999 -1.51999 1 1 0
0.0205468 -1.53999 -1.53999 1 1 0
0.0206117 -1.55999 -1.55999 1 1 0
0.0206776 -1.57999 -1.57999 1 1 0
0.0207445 -1.59999 -1.59999 1 1 0
0.0208123 -1.61999 -1.61999 1 1 0
0.0208809 -1.63999 -1.63999 1 1 0
0.0209503 -1.65999 -1.65999 1 1 0
0.0210204 -1.67999 -1.67999 1 1 0
0.0210912 -1.69999 -1.69999 1 1 0
0.0211626 -1.71999 -1.71999 1 1 0
0.0212345 -1.73999 -1.73999 1 1 0
0.021307 -1.75999 -1.75999 1 1 0
0.0213799 -1.77999 -1.77999 1 1 0
0.0214532 -1.79999 -1.79999 1 1 0
0.0215269 -1.81999 -1.81999 1 1 0
0.0216009 -1.83999 -1.83999 1 1 0
0.0216752 -1.85999 -1.85999 1 1 0
0.0217498 -1.87999 -1.87999 1 1 0
0.0218245 -1.89999 -1.89999 1 1 0
0.0218994 -1.91999 -1.91999 1 1 0
0.0219745 -1.93998 -1.93998 1 1 0
0.0220496 -1.95998 -1.95998 1 1 0
0.0221248 -1.97998 -1.97998 1 1 0
0.0222 -1.99998 -1.99998 1 1 0
0.0222753 -2.01998 -2.01998 1 1 0
0.0223505 -2.03998 -2.03998 1 1 0
0.0224256 -2.05998 -2.05998 1 1 0
0.0225007 -2.07998 -2.07998 1 1 0
0.0225756 -2.09998 -2.09998 1 1 0
0.0226504 -2.11998 -2.11998 1 1 0
0.0227251 -2.13998 -2.13998 1 1 0
0.0227996 -2.15998 -2.15998 1 1 0
0.0228738 -2.17998 -2.17998 1 1 0
0.0229479 -2.19998 -2.19998 1 1 0
0.0230217 -2.21998 -2.21998 1 1 0
0.0230952 -2.23998 -2.23998 1 1 0
0.0231684 -2.25998 -2.25998 1 1 0
0.0232414 -2.27998 -2.27998 1 1 0
0.023314 -2.29998 -2.29998 1 1 0
0.0233863 -2.31998 -2.31998 1 1 0
0.0234582 -2.33998 -2.33998 1 1 0
0.0235298 -2.35998 -2.35998 1 1 0
0.023601 -2.37998 -2.37998 1 1 0
0.0236718 -2.39997 -2.39997 1 1 0
0.0237422 -2.41997 -2.41997 1 1 0
0.0238122 -2.43997 -2.43997 1 1 0
0.0238818 -2.45997 -2.45997 1 1 0
0.0239509 -2.47997 -2.47997 1 1 0
0.0240196 -2.49997 -2.49997 1 1 0
0.0240878 -2.51997 -2.51997 1 1 0
0.0241555 -2.53997 -2.53997 1 1 0
0.0242228 -2.55997 -2.55997 1 1 0
0.0242896 -2.57997 -2.57997 1 1 0
0.0243559 -2.59997 -2.59997 1 1 0
0.0244218 -2.61997 -2.61997 1 1 0
0.0244871 -2.63997 -2.63997 1 1 0
0.0245519 -2.65997 -2.65997 1 1 0
0.0246162 -2.67997 -2.67997 1 1 0
0.0246799 -2.69997 -2.69997 1 1 0
0.0247432 -2.71997 -2.71997 1 1 0
0.0248059 -2.73997 -2.73997 1 1 0
0.0248681 -2.75997 -2.75997 1 1 0
0.0249298 -2.77997 -2.77997 1 1 0
0.0249909 -2.79997 -2.79997 1 1 0
0.0250515 -2.81997 -2.81997 1 1 0
0.0251115 -2.83997 -2.83997 1 1 0
0.025171 -2.85997 -2.85997 1 1 0
0.02523 -2.87996 -2.87996 1 1 0
0.0252884 -2.89996 -2.89996 1 1 0
0.0253462 -2.91996 -2.91996 1 1 0
0.0254035 -2.93996 -2.93996 1 1 0
0.0254602 -2.95996 -2.95996 1 1 0
0.0255164 -2.97996 -2.97996 1 1 0
0.0255721 -2.99996 -2.99996 1 1 0
0.0256271 -3.01996 -3.01996 1 1 0
0.0256817 -3.03996 -3.03996 1 1 0
0.0257356 -3.05996 -3.05996 1 1 0
0.0257891 -3.07996 -3.07996 1 1 0
0.0258419 -3.09996 -3.09996 1 1 0
0.0258943 -3.11996 -3.11996 1 1 0
0.025946 -3.13996 -3.13996 1 1 0
0.0259972 -3.15996 -3.15996 1 1 0
0.0260479 -3.17996 -3.17996 1 1 0
0.026098 -3.19996 -3.19996 1 1 0
0.0261476 -3.21996 -3.21996 1 1 0
0.0261967 -3.23996 -3.23996 1 1 0
0.0262452 -3.25996 -3.25996 1 1 0
0.0262931 -3.27996 -3.27996 1 1 0
0.0263406 -3.29996 -3.29996 1 1 0
0.0263875 -3.31996 -3.31996 1 1 0
0.0264338 -3.33996 -3.33996 1 1 0
0.0264797 -3.35996 -3.35996 1 1 0
0.026525 -3.37996 -3.37996 1 1 0
0.0265698 -3.39995 -3.39995 1 1 0
0.026614 -3.41995 -3.41995 1 1 0
0.0266578 -3.43995 -3.43995 1 1 0
0.026701 -3.45995 -3.45995 1 1 0
0.0267438 -3.47995 -3.47995 1 1 0
0.026786 -3.49995 -3.49995 1 1 0
0.0268277 -3.51995 -3.51995 1 1 0
0.0268689 -3.53995 -3.53995 1 1 0
0.0297254 5.00364e-05 5.00364e-05 2 2 0
0.026951 4.42035e-19 4.42035e-19 1 2 0
0.024178 -1.20007e-10 -1.20007e-10 1 2 0
0.0214051 -2.63411e-16 -2.63411e-16 1 2 0
0.0186321 1.6387e-20 1.6387e-20 1 2 0
0.0158592 4.93038e-32 4.93038e-32 1 2 0
0.0130862 3.00927e-36 3.00927e-36 1 2 0
0.0103133 1.09476e-47 1.09476e-47 1 2 0
0.0075403 0 0 1 2 0
0.00476735 -2.43087e-63 -2.43087e-63 1 2 0
0.00199439 0 0 1 2 0
-0.000778568 0 0 1 2 0
0.0297254 5.00364e-05 5.00364e-05 2 2 0
0.0324963 2.25655e-11 2.25655e-11 1 2 0
0.0352699 -1.05746e-10 -1.05746e-10 2 2 0
0.0380429 -2.33003e-16 -2.33003e-16 2 2 0
0.0408158 -1.23567e-20 -1.23567e-20 2 2 0
0.0435888 1.47911e-31 1.47911e-31 2 2 0
0.0463618 0 0 2 2 0
0.0491347 0 0 2 2 0
0.0519077 0 0 2 2 0
0.0546806 0 0 2 2 0
0.0574536 0 0 2 2 0
0.0602265 0 0 2 2 0
0.0629995 0 0 2 2 0
0.0657725 0 0 2 2 0
0.0685454 0 0 2 2 0
0.0713184 0 0 2 2 0
0.0740913 0 0 2 2 0
0.0768643 0 0 2 2 0
0.0796373 0 0 2 2 0
0.0824102 0 0 2 2 0
0.0851832 0 0 2 2 0
0.0879561 0 0 2 2 0
0.0907291 0 0 2 2 0
0.093502 0 0 2 2 0
0.096275 0 0 2 2 0
0.099048 0 0 2 2 0
0.101821 0 0 2 2 0
0.104594 0 0 2 2 0
0.107367 0 0 2 2 0
0.11014 0 0 2 2 0
0.112913 0 0 2 2 0
0.115686 0 0 2 2 0
0.118459 0 0 2 2 0
0.121232 0 0 2 2 0
0.124005 0 0 2 2 0
0.126778 0 0 2 2 0
0.12955 0 0 2 2 0
0.132323 0 0 2 2 0
0.135096 0 0 2 2 0
0.137869 0 0 2 2 0
0.140642 0 0 2 2 0
0.143415 0 0 2 2 0
0.146188 0 0 2 2 0
0.148961 0 0 2 2 0
0.151734 0 0 2 2 0
0.154507 0 0 2 2 0
0.15728 0 0 2 2 0
0.160053 0 0 2 2 0
0.162826 0 0 2 2 0
0.165599 0 0 2 2 0
0.168372 0 0 2 2 0
0.171145 0 0 2 2 0
0.173918 0 0 2 2 0
0.176691 0 0 2 2 0
0.179464 0 0 2 2 0
0.182237 0 0 2 2 0
0.18501 0 0 2 2 0
0.187783 0 0 2 2 0
0.190556 0 0 2 2 0
0.193328 0 0 2 2 0
0.196101 0 0 2 2 0
0.198874 0 0 2 2 0
0.201647 0 0 2 2 0
0.20442 0 0 2 2 0
0.207193 0 0 2 2 0
0.209966 0 0 2 2 0
0.212739 0 0 2 2 0
0.215512 0 0 2 2 0
0.218285 0 0 2 2 0
0.221058 0 0 2 2 0
0.223831 0 0 2 2 0
0.226604 0 0 2 2 0
0.229377 0 0 2 2 0
0.23215 0 0 2 2 0
0.234923 0 0 2 2 0
0.237696 0 0 2 2 0
0.240469 0 0 2 2 0
0.243242 0 0 2 2 0
0.246015 0 0 2 2 0
0.248788 0 0 2 2 0
0.251561 0 0 2 2 0
0.254334 0 0 2 2 0
0.257107 0 0 2 2 0
0.259879 0 0 2 2 0
0.262652 0 0 2 2 0
0.265425 0 0 2 2 0
0.268198 0 0 2 2 0
0.270971 0 0 2 2 0
0.273744 0 0 2 2 0
0.276517 0 0 2 2 0
0.27929 0 0 2 2 0
0.282063 0 0 2 2 0
0.284836 0 0 2 2 0
0.287609 0 0 2 2 0
0.290382 0 0 2 2 0
0.293155 0 0 2 2 0
0.295928 0 0 2 2 0
0.298701 0 0 2 2 0
0.301474 0 0 2 2 0
0.304247 0 0 2 2 0
0.30702 0 0 2 2 0
0.309793 0 0 2 2 0
0.312566 0 0 2 2 0
0.315339 0 0 2 2 0
0.318112 0 0 2 2 0
0.320885 0 0 2 2 0
0.323657 0 0 2 2 0
0.32643 0 0 2 2 0
0.329203 0 0 2 2 0
0.331976 0 0 2 2 0
0.334749 0 0 2 2 0
0.337522 0 0 2 2 0
0.340295 0 0 2 2 0
0.343068 0 0 2 2 0
0.345841 0 0 2 2 0
0.348614 0 0 2 2 0
0.351387 0 0 2 2 0
0.35416 0 0 2 2 0
0.356933 0 0 2 2 0
0.359706 0 0 2 2 0
0.362479 0 0 2 2 0
0.365252 0 0 2 2 0
0.368025 0 0 2 2 0
0.370798 0 0 2 2 0
0.373571 0 0 2 2 0
0.376344 0 0 2 2 0
0.379117 0 0 2 2 0
0.38189 0 0 2 2 0
0.384663 0 0 2 2 0
0.387435 0 0 2 2 0
0.390208 0 0 2 2 0
0.392981 0 0 2 2 0
0.395754 0 0 2 2 0
0.398527 0 0 2 2 0
0.4013 0 0 2 2 0
0.404073 0 0 2 2 0
0.406846 0 0 2 2 0
0.409619 0 0 2 2 0
0.412392 0 0 2 2 0
0.415165 0 0 2 2 0
0.417938 0 0 2 2 0
0.420711 0 0 2 2 0
0.423484 0 0 2 2 0
0.426257 0 0 2 2 0
0.42903 0 0 2 2 0
0.431803 0 0 2 2 0
0.434576 0 0 2 2 0
0.437349 0 0 2 2 0
0.440122 0 0 2 2 0
0.442895 0 0 2 2 0
0.445668 0 0 2 2 0
0.448441 0 0 2 2 0
0.451214 0 0 2 2 0
0.453986 0 0 2 2 0
0.456759 0 0 2 2 0
0.459532 0 0 2 2 0
0.462305 0 0 2 2 0
0.465078 0 0 2 2 0
0.467851 0 0 2 2 0
0.470624 0 0 2 2 0
0.473397 0 0 2 2 0
0.47617 0 0 2 2 0
0.478943 0 0 2 2 0
0.481716 0 0 2 2 0
0.484489 0 0 2 2 0
0.487262 0 0 2 2 0
0.490035 0 0 2 2 0
0.492808 0 0 2 2 0
0.495581 0 0 2 2 0
0.498354 0 0 2 2 0
0.501127 0 0 2 2 0
0.5039 0 0 2 2 0
0.506673 0 0 2 2 0
0.509446 0 0 2 2 0
0.512219 0 0 2 2 0
0.514992 0 0 2 2 0
0.517764 0 0 2 2 0
0.520537 0 0 2 2 0
0.52331 0 0 2 2 0
0.526083 0 0 2 2 0
0.528856 0 0 2 2 0
0.531629 0 0 2 2 0
0.534402 0 0 2 2 0
0.537175 0 0 2 2 0
0.539948 0 0 2 2 0
0.542721 0 0 2 2 0
0.545494 0 0 2 2 0
0.548267 0 0 2 2 0
0.55104 0 0 2 2 0
0.553813 0 0 2 2 0
0.556586 0 0 2 2 0
0.559359 0 0 2 2 0
0.562132 0 0 2 2 0
0.564905 0 0 2 2 0
0.567678 0 0 2 2 0
0.570451 0 0 2 2 0
0.573224 0 0 2 2 0
0.575997 0 0 2 2 0
0.57877 0 0 2 2 0
0.581542 0 0 2 2 0
0.0485076 0.436657 0.436657 2 1 0
0.0510597 0.476575 0.476575 1 1 0
0.052401 0.496529 0.496529 1 1 0
0.0537876 0.516481 0.516481 1 1 0
0.0552206 0.536429 0.536429 1 1 0
0.0567013 0.556374 0.556374 1 1 0
0.0582311 0.576315 0.576315 1 1 0
0.0598112 0.596253 0.596253 1 1 0
0.061443 0.616186 0.616186 1 1 0
0.0631279 0.636114 0.636114 1 1 0
0.0648675 0.656038 0.656038 1 1 0
0.066663 0.675957 0.675957 1 1 0
0.0685161 0.695871 0.695871 1 1 0
0.0704282 0.715779 0.715779 1 1 0
0.072401 0.735682 0.735682 1 1 0
0.074436 0.755578 0.755578 1 1 0
0.0765348 0.775467 0.775467 1 1 0
0.0786991 0.795349 0.795349 1 1 0
0.0809306 0.815224 0.815224 1 1 0
0.0832311 0.835091 0.835091 1 1 0
0.0856022 0.85495 0.85495 1 1 0
0.0880458 0.8748 0.8748 1 1 0
0.0905638 0.894641 0.894641 1 1 0
0.093158 0.914472 0.914472 1 1 0
0.0958302 0.934292 0.934292 1 1 0
0.0985825 0.954102 0.954102 1 1 0
0.101417 0.9739 0.9739 1 1 0
0.104335 0.993686 0.993686 1 1 0
0.107339 1.01346 1.01346 1 1 0
0.110432 1.03322 1.03322 1 1 0
0.113614 1.05296 1.05296 1 1 0
0.116889 1.07269 1.07269 1 1 0
0.120258 1.09241 1.09241 1 1 0
0.123724 1.1121 1.1121 1 1 0
0.127289 1.13178 1.13178 1 1 0
0.130954 1.15145 1.15145 1 1 0
0.134724 1.17109 1.17109 1 1 0
0.138598 1.19071 1.19071 1 1 0
0.142581 1.21031 1.21031 1 1 0
0.146673 1.22988 1.22988 1 1 0
0.150879 1.24944 1.24944 1 1 0
0.155199 1.26897 1.26897 1 1 0
0.159636 1.28847 1.28847 1 1 0
0.164193 1.30794 1.30794 1 1 0
0.168871 1.32738 1.32738 1 1 0
0.173674 1.3468 1.3468 1 1 0
0.178604 1.36618 1.36618 1 1 0
0.183662 1.38553 1.38553 1 1 0
0.188852 1.40485 1.40485 1 1 0
0.194176 1.42412 1.42412 1 1 0
0.199635 1.44336 1.44336 1 1 0
0.205233 1.46256 1.46256 1 1 0
0.210972 1.48172 1.48172 1 1 0
0.216853 1.50084 1.50084 1 1 0
0.22288 1.51991 1.51991 1 1 0
0.229053 1.53893 1.53893 1 1 0
0.235376 1.55791 1.55791 1 1 0
0.24185 1.57683 1.57683 1 1 0
0.248478 1.5957 1.5957 1 1 0
0.255261 1.61451 1.61451 1 1 0
0.262201 1.63327 1.63327 1 1 0
0.2693 1.65197 1.65197 1 1 0
0.27656 1.6706 1.6706 1 1 0
0.283982 1.68917 1.68917 1 1 0
0.291569 1.70768 1.70768 1 1 0
0.29932 1.72612 1.72612 1 1 0
0.307239 1.74448 1.74448 1 1 0
0.315326 1.76277 1.76277 1 1 0
0.323581 1.78099 1.78099 1 1 0
0.332008 1.79913 1.79913 1 1 0
0.340605 1.81718 1.81718 1 1 0
0.349374 1.83516 1.83516 1 1 0
0.358316 1.85305 1.85305 1 1 0
0.367432 1.87085 1.87085 1 1 0
0.37672 1.88856 1.88856 1 1 0
0.386183 1.90618 1.90618 1 1 0
0.39582 1.92371 1.92371 1 1 0
0.405632 1.94113 1.94113 1 1 0
0.415617 1.95846 1.95846 1 1 0
0.425776 1.97569 1.97569 1 1 0
0.436108 1.99281 1.99281 1 1 0
0.446614 2.00983 2.00983 1 1 0
0.457291 2.02674 2.02674 1 1 0
0.46814 2.04355 2.04355 1 1 0
0.47916 2.06024 2.06024 1 1 0
0.490349 2.07681 2.07681 1 1 0
0.501706 2.09327 2.09327 1 1 0
0.513231 2.10962 2.10962 1 1 0
0.524921 2.12585 2.12585 1 1 0
0.536775 2.14196 2.14196 1 1 0
0.548792 2.15794 2.15794 1 1 0
0.56097 2.17381 2.17381 1 1 0
0.573307 2.18955 2.18955 1 1 0
0.585801 2.20517 2.20517 1 1 0
0.598451 2.22066 2.22066 1 1 0
0.611254 2.23603 2.23603 1 1 0
0.624208 2.25126 2.25126 1 1 0
0.637311 2.26638 2.26638 1 1 0
0.65056 2.28136 2.28136 1 1 0
0.663953 2.29621 2.29621 1 1 0
0.677489 2.31094 2.31094 1 1 0
0.691164 2.32553 2.32553 1 1 0
0.704976 2.34 2.34 1 1 0
0.718923 2.35433 2.35433 1 1 0
0.733002 2.36854 2.36854 1 1 0
0.74721 2.38262 2.38262 1 1 0
0.761546 2.39656 2.39656 1 1 0
0.776006 2.41038 2.41038 1 1 0
0.790588 2.42407 2.42407 1 1 0
0.80529 2.43763 2.43763 1 1 0
0.82011 2.45106 2.45106 1 1 0
0.835043 2.46437 2.46437 1 1 0
0.850089 2.47754 2.47754 1 1 0
0.865244 2.4906 2.4906 1 1 0
0.880507 2.50352 2.50352 1 1 0
0.895874 2.51632 2.51632 1 1 0
0.911344 2.529 2.529 1 1 0
0.926913 2.54155 2.54155 1 1 0
0.942581 2.55399 2.55399 1 1 0
0.958343 2.5663 2.5663 1 1 0
0.974199 2.57849 2.57849 1 1 0
0.990145 2.59056 2.59056 1 1 0
1.00618 2.60251 2.60251 1 1 0
1.0223 2.61435 2.61435 1 1 0
1.03851 2.62607 2.62607 1 1 0
1.05479 2.63768 2.63768 1 1 0
1.07116 2.64917 2.64917 1 1 0
1.08761 2.66056 2.66056 1 1 0
1.10413 2.67183 2.67183 1 1 0
1.12073 2.68299 2.68299 1 1 0
1.1374 2.69404 2.69404 1 1 0
1.15414 2.70498 2.70498 1 1 0
1.17095 2.71582 2.71582 1 1 0
1.18782 2.72656 2.72656 1 1 0
1.20476 2.73719 2.73719 1 1 0
1.22177 2.74772 2.74772 1 1 0
1.23883 2.75814 2.75814 1 1 0
1.25596 2.76847 2.76847 1 1 0
1.27315 2.7787 2.7787 1 1 0
1.29039 2.78884 2.78884 1 1 0
1.30769 2.79887 2.79887 1 1 0
1.32504 2.80881 2.80881 1 1 0
1.34245 2.81866 2.81866 1 1 0
1.35991 2.82842 2.82842 1 1 0
1.37742 2.83809 2.83809 1 1 0
1.39498 2.84766 2.84766 1 1 0
1.41258 2.85715 2.85715 1 1 0
1.43024 2.86655 2.86655 1 1 0
1.44794 2.87586 2.87586 1 1 0
1.46568 2.88509 2.88509 1 1 0
1.48347 2.89424 2.89424 1 1 0
1.5013 2.9033 2.9033 1 1 0
1.51917 2.91228 2.91228 1 1 0
1.53708 2.92118 2.92118 1 1 0
1.55503 2.93001 2.93001 1 1 0
1.57301 2.93875 2.93875 1 1 0
1.59104 2.94742 2.94742 1 1 0
1.6091 2.95601 2.95601 1 1 0
1.62719 2.96452 2.96452 1 1 0
1.64533 2.97297 2.97297 1 1 0
1.66349 2.98134 2.98134 1 1 0
1.68169 2.98963 2.98963 1 1 0
1.69992 2.99786 2.99786 1 1 0
1.71818 3.00602 3.00602 1 1 0
1.73647 3.0141 3.0141 1 1 0
1.75479 3.02213 3.02213 1 1 0
1.77314 3.03008 3.03008 1 1 0
1.79152 3.03797 3.03797 1 1 0
1.80993 3.04579 3.04579 1 1 0
1.82836 3.05355 3.05355 1 1 0
1.84682 3.06124 3.06124 1 1 0
1.86531 3.06887 3.06887 1 1 0
1.88382 3.07644 3.07644 1 1 0
1.90236 3.08395 3.08395 1 1 0
1.92092 3.0914 3.0914 1 1 0
1.9395 3.09879 3.09879 1 1 0
1.95811 3.10613 3.10613 1 1 0
1.97674 3.1134 3.1134 1 1 0
1.99539 3.12062 3.12062 1 1 0
2.01407 3.12778 3.12778 1 1 0
2.03276 3.13489 3.13489 1 1 0
2.05148 3.14194 3.14194 1 1 0
2.07021 3.14894 3.14894 1 1 0
2.08897 3.15589 3.15589 1 1 0
2.10774 3.16278 3.16278 1 1 0
2.12654 3.16962 3.16962 1 1 0
2.14535 3.17641 3.17641 1 1 0
2.16418 3.18316 3.18316 1 1 0
2.18302 3.18985 3.18985 1 1 0
2.20189 3.19649 3.19649 1 1 0
2.22077 3.20308 3.20308 1 1 0
2.23967 3.20963 3.20963 1 1 0
2.25858 3.21613 3.21613 1 1 0
2.27751 3.22258 3.22258 1 1 0
2.29646 3.22899 3.22899 1 1 0
2.31542 3.23535 3.23535 1 1 0
2.3344 3.24167 3.24167 1 1 0
2.35339 3.24794 3.24794 1 1 0
2.37239 3.25417 3.25417 1 1 0
2.39141 3.26036 3.26036 1 1 0
