4 3.85997 3.85997 2 1 0
4.03595 3.87541 3.87541 1 1 0
4.05551 3.87956 3.87956 1 1 0
4.07508 3.88369 3.88369 1 1 0
4.09465 3.8878 3.8878 1 1 0
4.11423 3.89189 3.89189 1 1 0
4.13381 3.89596 3.89596 1 1 0
4.1534 3.90001 3.90001 1 1 0
4.17299 3.90405 3.90405 1 1 0
4.19258 3.90806 3.90806 1 1 0
4.21218 3.91206 3.91206 1 1 0
4.23178 3.91604 3.91604 1 1 0
4.25138 3.92 3.92 1 1 0
4.27099 3.92394 3.92394 1 1 0
4.2906 3.92786 3.92786 1 1 0
4.31021 3.93177 3.93177 1 1 0
4.32983 3.93566 3.93566 1 1 0
4.34945 3.93953 3.93953 1 1 0
4.36908 3.94338 3.94338 1 1 0
4.38871 3.94722 3.94722 1 1 0
4.40834 3.95104 3.95104 1 1 0
4.42798 3.95484 3.95484 1 1 0
4.44761 3.95862 3.95862 1 1 0
4.46726 3.96239 3.96239 1 1 0
4.4869 3.96615 3.96615 1 1 0
4.50655 3.96988 3.96988 1 1 0
4.5262 3.9736 3.9736 1 1 0
4.54585 3.97731 3.97731 1 1 0
4.56551 3.981 3.981 1 1 0
4.58517 3.98467 3.98467 1 1 0
4.60483 3.98833 3.98833 1 1 0
4.6245 3.99197 3.99197 1 1 0
4.64417 3.9956 3.9956 1 1 0
4.66384 3.99921 3.99921 1 1 0
4.68351 4.00281 4.00281 1 1 0
4.70319 4.00639 4.00639 1 1 0
4.72287 4.00995 4.00995 1 1 0
4.74255 4.01351 4.01351 1 1 0
4.76223 4.01704 4.01704 1 1 0
4.78192 4.02057 4.02057 1 1 0
4.80161 4.02408 4.02408 1 1 0
4.8213 4.02757 4.02757 1 1 0
4.841 4.03105 4.03105 1 1 0
4.8607 4.03452 4.03452 1 1 0
4.8804 4.03797 4.03797 1 1 0
4.9001 4.04141 4.04141 1 1 0
4.9198 4.04483 4.04483 1 1 0
4.93951 4.04824 4.04824 1 1 0
4.95922 4.05164 4.05164 1 1 0
4.97893 4.05503 4.05503 1 1 0
4.99864 4.0584 4.0584 1 1 0
5.01836 4.06175 4.06175 1 1 0
5.03808 4.0651 4.0651 1 1 0
5.0578 4.06843 4.06843 1 1 0
5.07752 4.07175 4.07175 1 1 0
5.09725 4.07506 4.07506 1 1 0
5.11697 4.07835 4.07835 1 1 0
5.1367 4.08163 4.08163 1 1 0
5.15643 4.0849 4.0849 1 1 0
5.17617 4.08815 4.08815 1 1 0
5.1959 4.0914 4.0914 1 1 0
5.21564 4.09463 4.09463 1 1 0
5.23538 4.09785 4.09785 1 1 0
5.25512 4.10106 4.10106 1 1 0
5.27486 4.10425 4.10425 1 1 0
5.29461 4.10744 4.10744 1 1 0
5.31435 4.11061 4.11061 1 1 0
5.3341 4.11377 4.11377 1 1 0
5.35385 4.11692 4.11692 1 1 0
5.37361 4.12005 4.12005 1 1 0
5.39336 4.12318 4.12318 1 1 0
5.41312 4.12629 4.12629 1 1 0
5.43287 4.1294 4.1294 1 1 0
5.45263 4.13249 4.13249 1 1 0
5.4724 4.13557 4.13557 1 1 0
5.49216 4.13864 4.13864 1 1 0
5.51192 4.1417 4.1417 1 1 0
5.53169 4.14474 4.14474 1 1 0
5.55146 4.14778 4.14778 1 1 0
5.57123 4.15081 4.15081 1 1 0
5.591 4.15382 4.15382 1 1 0
5.61077 4.15683 4.15683 1 1 0
5.63055 4.15982 4.15982 1 1 0
5.65032 4.16281 4.16281 1 1 0
5.6701 4.16578 4.16578 1 1 0
5.68988 4.16874 4.16874 1 1 0
5.70966 4.1717 4.1717 1 1 0
5.72944 4.17464 4.17464 1 1 0
5.74923 4.17757 4.17757 1 1 0
5.76901 4.1805 4.1805 1 1 0
5.7888 4.18341 4.18341 1 1 0
5.80859 4.18631 4.18631 1 1 0
5.82838 4.18921 4.18921 1 1 0
5.84817 4.19209 4.19209 1 1 0
5.86796 4.19496 4.19496 1 1 0
5.88775 4.19783 4.19783 1 1 0
5.90755 4.20068 4.20068 1 1 0
5.92735 4.20353 4.20353 1 1 0
5.94714 4.20636 4.20636 1 1 0
5.96694 4.20919 4.20919 1 1 0
5.98674 4.21201 4.21201 1 1 0
6.00654 4.21481 4.21481 1 1 0
6.02635 4.21761 4.21761 1 1 0
6.04615 4.2204 4.2204 1 1 0
6.06596 4.22318 4.22318 1 1 0
6.08577 4.22596 4.22596 1 1 0
6.10557 4.22872 4.22872 1 1 0
6.12538 4.23147 4.23147 1 1 0
6.14519 4.23422 4.23422 1 1 0
6.16501 4.23695 4.23695 1 1 0
6.18482 4.23968 4.23968 1 1 0
6.20463 4.2424 4.2424 1 1 0
6.22445 4.24511 4.24511 1 1 0
6.24427 4.24781 4.24781 1 1 0
6.26408 4.2505 4.2505 1 1 0
6.2839 4.25319 4.25319 1 1 0
6.30372 4.25586 4.25586 1 1 0
6.32354 4.25853 4.25853 1 1 0
6.34337 4.26119 4.26119 1 1 0
6.36319 4.26384 4.26384 1 1 0
6.38301 4.26649 4.26649 1 1 0
6.40284 4.26912 4.26912 1 1 0
6.42267 4.27175 4.27175 1 1 0
6.44249 4.27437 4.27437 1 1 0
6.46232 4.27698 4.27698 1 1 0
6.48215 4.27958 4.27958 1 1 0
6.50198 4.28218 4.28218 1 1 0
6.52182 4.28476 4.28476 1 1 0
6.54165 4.28734 4.28734 1 1 0
6.56148 4.28991 4.28991 1 1 0
6.58132 4.29248 4.29248 1 1 0
6.60115 4.29503 4.29503 1 1 0
6.62099 4.29758 4.29758 1 1 0
6.64083 4.30012 4.30012 1 1 0
6.66067 4.30266 4.30266 1 1 0
6.68051 4.30518 4.30518 1 1 0
6.70035 4.3077 4.3077 1 1 0
6.72019 4.31021 4.31021 1 1 0
6.74003 4.31272 4.31272 1 1 0
6.75988 4.31521 4.31521 1 1 0
6.77972 4.3177 4.3177 1 1 0
6.79957 4.32018 4.32018 1 1 0
6.81941 4.32266 4.32266 1 1 0
6.83926 4.32513 4.32513 1 1 0
6.85911 4.32759 4.32759 1 1 0
6.87896 4.33004 4.33004 1 1 0
6.89881 4.33249 4.33249 1 1 0
6.91866 4.33493 4.33493 1 1 0
6.93851 4.33736 4.33736 1 1 0
6.95836 4.33979 4.33979 1 1 0
6.97821 4.3422 4.3422 1 1 0
6.99807 4.34462 4.34462 1 1 0
7.01792 4.34702 4.34702 1 1 0
7.03778 4.34942 4.34942 1 1 0
7.05764 4.35181 4.35181 1 1 0
7.07749 4.3542 4.3542 1 1 0
7.09735 4.35658 4.35658 1 1 0
7.11721 4.35895 4.35895 1 1 0
7.13707 4.36131 4.36131 1 1 0
7.15693 4.36367 4.36367 1 1 0
7.17679 4.36602 4.36602 1 1 0
7.19665 4.36837 4.36837 1 1 0
7.21652 4.37071 4.37071 1 1 0
7.23638 4.37304 4.37304 1 1 0
7.25624 4.37537 4.37537 1 1 0
7.27611 4.37769 4.37769 1 1 0
7.29597 4.38 4.38 1 1 0
7.31584 4.38231 4.38231 1 1 0
7.33571 4.38461 4.38461 1 1 0
7.35558 4.38691 4.38691 1 1 0
7.37544 4.3892 4.3892 1 1 0
7.39531 4.39148 4.39148 1 1 0
7.41518 4.39376 4.39376 1 1 0
7.43505 4.39603 4.39603 1 1 0
7.45492 4.39829 4.39829 1 1 0
7.4748 4.40055 4.40055 1 1 0
7.49467 4.4028 4.4028 1 1 0
7.51454 4.40505 4.40505 1 1 0
7.53442 4.40729 4.40729 1 1 0
7.55429 4.40953 4.40953 1 1 0
7.57417 4.41176 4.41176 1 1 0
7.59404 4.41398 4.41398 1 1 0
7.61392 4.4162 4.4162 1 1 0
7.6338 4.41841 4.41841 1 1 0
7.65367 4.42062 4.42062 1 1 0
7.67355 4.42282 4.42282 1 1 0
7.69343 4.42501 4.42501 1 1 0
7.71331 4.4272 4.4272 1 1 0
7.73319 4.42939 4.42939 1 1 0
7.75307 4.43157 4.43157 1 1 0
7.77296 4.43374 4.43374 1 1 0
7.79284 4.43591 4.43591 1 1 0
7.81272 4.43807 4.43807 1 1 0
7.8326 4.44022 4.44022 1 1 0
7.85249 4.44238 4.44238 1 1 0
7.87237 4.44452 4.44452 1 1 0
7.89226 4.44666 4.44666 1 1 0
7.91214 4.4488 4.4488 1 1 0
7.93203 4.45093 4.45093 1 1 0
7.95192 4.45305 4.45305 1 1 0
7.95192 4.45305 4.45305 2 1 0
7.99169 4.45728 4.45728 1 1 0
8.01158 4.45939 4.45939 1 1 0
8.03147 4.46149 4.46149 1 1 0
8.05136 4.46359 4.46359 1 1 0
8.07125 4.46569 4.46569 1 1 0
8.09114 4.46777 4.46777 1 1 0
8.11103 4.46986 4.46986 1 1 0
8.13092 4.47193 4.47193 1 1 0
8.15082 4.47401 4.47401 1 1 0
8.17071 4.47607 4.47607 1 1 0
8.1906 4.47814 4.47814 1 1 0
8.2105 4.4802 4.4802 1 1 0
8.23039 4.48225 4.48225 1 1 0
8.25028 4.4843 4.4843 1 1 0
8.27018 4.48634 4.48634 1 1 0
8.29008 4.48838 4.48838 1 1 0
8.30997 4.49041 4.49041 1 1 0
8.32987 4.49244 4.49244 1 1 0
8.34977 4.49446 4.49446 1 1 0
8.36966 4.49648 4.49648 1 1 0
8.38956 4.4985 4.4985 1 1 0
8.40946 4.5005 4.5005 1 1 0
8.42936 4.50251 4.50251 1 1 0
8.44926 4.50451 4.50451 1 1 0
8.46916 4.5065 4.5065 1 1 0
8.48906 4.5085 4.5085 1 1 0
8.50896 4.51048 4.51048 1 1 0
8.52886 4.51246 4.51246 1 1 0
8.54877 4.51444 4.51444 1 1 0
8.56867 4.51641 4.51641 1 1 0
8.58857 4.51838 4.51838 1 1 0
8.60848 4.52034 4.52034 1 1 0
8.62838 4.5223 4.5223 1 1 0
8.64828 4.52426 4.52426 1 1 0
8.66819 4.52621 4.52621 1 1 0
8.68809 4.52815 4.52815 1 1 0
8.708 4.53009 4.53009 1 1 0
8.7279 4.53203 4.53203 1 1 0
8.74781 4.53396 4.53396 1 1 0
8.76772 4.53589 4.53589 1 1 0
8.78763 4.53781 4.53781 1 1 0
8.80753 4.53973 4.53973 1 1 0
8.82744 4.54165 4.54165 1 1 0
8.84735 4.54356 4.54356 1 1 0
8.86726 4.54546 4.54546 1 1 0
8.88717 4.54737 4.54737 1 1 0
8.90708 4.54926 4.54926 1 1 0
8.92699 4.55116 4.55116 1 1 0
8.9469 4.55305 4.55305 1 1 0
8.96681 4.55493 4.55493 1 1 0
8.98672 4.55681 4.55681 1 1 0
9.00663 4.55869 4.55869 1 1 0
9.02654 4.56056 4.56056 1 1 0
9.04646 4.56243 4.56243 1 1 0
9.06637 4.5643 4.5643 1 1 0
9.08628 4.56616 4.56616 1 1 0
9.1062 4.56801 4.56801 1 1 0
9.12611 4.56987 4.56987 1 1 0
9.14603 4.57171 4.57171 1 1 0
9.16594 4.57356 4.57356 1 1 0
9.18586 4.5754 4.5754 1 1 0
9.20577 4.57724 4.57724 1 1 0
9.22569 4.57907 4.57907 1 1 0
9.2456 4.5809 4.5809 1 1 0
9.26552 4.58272 4.58272 1 1 0
9.28544 4.58454 4.58454 1 1 0
9.30535 4.58636 4.58636 1 1 0
9.32527 4.58817 4.58817 1 1 0
9.34519 4.58998 4.58998 1 1 0
9.36511 4.59179 4.59179 1 1 0
9.38503 4.59359 4.59359 1 1 0
9.40495 4.59539 4.59539 1 1 0
9.42486 4.59718 4.59718 1 1 0
9.44478 4.59897 4.59897 1 1 0
9.4647 4.60076 4.60076 1 1 0
9.48462 4.60254 4.60254 1 1 0
9.50455 4.60432 4.60432 1 1 0
9.52447 4.6061 4.6061 1 1 0
9.54439 4.60787 4.60787 1 1 0
9.56431 4.60964 4.60964 1 1 0
9.58423 4.6114 4.6114 1 1 0
9.60415 4.61317 4.61317 1 1 0
9.62408 4.61492 4.61492 1 1 0
9.644 4.61668 4.61668 1 1 0
9.66392 4.61843 4.61843 1 1 0
9.68385 4.62017 4.62017 1 1 0
9.70377 4.62192 4.62192 1 1 0
9.72369 4.62366 4.62366 1 1 0
9.74362 4.62539 4.62539 1 1 0
9.76354 4.62713 4.62713 1 1 0
9.78347 4.62885 4.62885 1 1 0
9.80339 4.63058 4.63058 1 1 0
9.82332 4.6323 4.6323 1 1 0
9.84325 4.63402 4.63402 1 1 0
9.86317 4.63574 4.63574 1 1 0
9.8831 4.63745 4.63745 1 1 0
9.90303 4.63916 4.63916 1 1 0
9.92295 4.64086 4.64086 1 1 0
9.94288 4.64256 4.64256 1 1 0
9.96281 4.64426 4.64426 1 1 0
9.98274 4.64596 4.64596 1 1 0
10.0027 4.64765 4.64765 1 1 0
10.0226 4.64933 4.64933 1 1 0
10.0425 4.65102 4.65102 1 1 0
10.0625 4.6527 4.6527 1 1 0
10.0824 4.65438 4.65438 1 1 0
10.1023 4.65605 4.65605 1 1 0
10.1222 4.65773 4.65773 1 1 0
10.1422 4.65939 4.65939 1 1 0
10.1621 4.66106 4.66106 1 1 0
10.182 4.66272 4.66272 1 1 0
10.202 4.66438 4.66438 1 1 0
10.2219 4.66604 4.66604 1 1 0
10.2418 4.66769 4.66769 1 1 0
10.2618 4.66934 4.66934 1 1 0
10.2817 4.67098 4.67098 1 1 0
10.3016 4.67262 4.67262 1 1 0
10.3216 4.67426 4.67426 1 1 0
10.3415 4.6759 4.6759 1 1 0
10.3614 4.67753 4.67753 1 1 0
10.3814 4.67916 4.67916 1 1 0
10.4013 4.68079 4.68079 1 1 0
10.4212 4.68242 4.68242 1 1 0
10.4412 4.68404 4.68404 1 1 0
10.4611 4.68565 4.68565 1 1 0
10.481 4.68727 4.68727 1 1 0
10.501 4.68888 4.68888 1 1 0
10.5209 4.69049 4.69049 1 1 0
10.5408 4.6921 4.6921 1 1 0
10.5608 4.6937 4.6937 1 1 0
10.5807 4.6953 4.6953 1 1 0
10.6006 4.69689 4.69689 1 1 0
10.6206 4.69849 4.69849 1 1 0
10.6405 4.70008 4.70008 1 1 0
10.6604 4.70167 4.70167 1 1 0
10.6804 4.70325 4.70325 1 1 0
10.7003 4.70483 4.70483 1 1 0
10.7203 4.70641 4.70641 1 1 0
10.7402 4.70799 4.70799 1 1 0
10.7601 4.70956 4.70956 1 1 0
10.7801 4.71113 4.71113 1 1 0
10.8 4.7127 4.7127 1 1 0
10.82 4.71427 4.71427 1 1 0
10.8399 4.71583 4.71583 1 1 0
10.8598 4.71739 4.71739 1 1 0
10.8798 4.71894 4.71894 1 1 0
10.8997 4.7205 4.7205 1 1 0
10.9196 4.72205 4.72205 1 1 0
10.9396 4.72359 4.72359 1 1 0
10.9595 4.72514 4.72514 1 1 0
10.9795 4.72668 4.72668 1 1 0
10.9994 4.72822 4.72822 1 1 0
11.0194 4.72976 4.72976 1 1 0
11.0393 4.73129 4.73129 1 1 0
11.0592 4.73282 4.73282 1 1 0
11.0792 4.73435 4.73435 1 1 0
11.0991 4.73588 4.73588 1 1 0
11.1191 4.7374 4.7374 1 1 0
11.139 4.73892 4.73892 1 1 0
11.1589 4.74044 4.74044 1 1 0
11.1789 4.74195 4.74195 1 1 0
11.1988 4.74346 4.74346 1 1 0
11.2188 4.74497 4.74497 1 1 0
11.2387 4.74648 4.74648 1 1 0
11.2587 4.74798 4.74798 1 1 0
11.2786 4.74949 4.74949 1 1 0
11.2985 4.75098 4.75098 1 1 0
11.3185 4.75248 4.75248 1 1 0
11.3384 4.75397 4.75397 1 1 0
11.3584 4.75547 4.75547 1 1 0
11.3783 4.75695 4.75695 1 1 0
11.3983 4.75844 4.75844 1 1 0
11.4182 4.75992 4.75992 1 1 0
11.4382 4.7614 4.7614 1 1 0
11.4581 4.76288 4.76288 1 1 0
11.478 4.76436 4.76436 1 1 0
11.498 4.76583 4.76583 1 1 0
11.5179 4.7673 4.7673 1 1 0
11.5379 4.76877 4.76877 1 1 0
11.5578 4.77024 4.77024 1 1 0
11.5778 4.7717 4.7717 1 1 0
11.5977 4.77316 4.77316 1 1 0
11.6177 4.77462 4.77462 1 1 0
11.6376 4.77607 4.77607 1 1 0
11.6576 4.77753 4.77753 1 1 0
11.6775 4.77898 4.77898 1 1 0
11.6975 4.78043 4.78043 1 1 0
11.7174 4.78187 4.78187 1 1 0
11.7374 4.78332 4.78332 1 1 0
11.7573 4.78476 4.78476 1 1 0
11.7773 4.78619 4.78619 1 1 0
11.7972 4.78763 4.78763 1 1 0
11.8171 4.78906 4.78906 1 1 0
11.8371 4.7905 4.7905 1 1 0
11.857 4.79192 4.79192 1 1 0
11.877 4.79335 4.79335 1 1 0
11.8969 4.79478 4.79478 1 1 0
11.9169 4.7962 4.7962 1 1 0
11.9368 4.79762 4.79762 1 1 0
11.9368 4.79762 4.79762 2 1 0
11.9767 4.80045 4.80045 1 1 0
11.9967 4.80186 4.80186 1 1 0
12.0166 4.80327 4.80327 1 1 0
12.0366 4.80468 4.80468 1 1 0
12.0565 4.80608 4.80608 1 1 0
12.0765 4.80749 4.80749 1 1 0
12.0964 4.80889 4.80889 1 1 0
12.1164 4.81029 4.81029 1 1 0
12.1363 4.81168 4.81168 1 1 0
12.1563 4.81308 4.81308 1 1 0
12.1763 4.81447 4.81447 1 1 0
12.1962 4.81586 4.81586 1 1 0
12.2162 4.81725 4.81725 1 1 0
12.2361 4.81863 4.81863 1 1 0
12.2561 4.82001 4.82001 1 1 0
12.276 4.8214 4.8214 1 1 0
12.296 4.82277 4.82277 1 1 0
12.3159 4.82415 4.82415 1 1 0
12.3359 4.82552 4.82552 1 1 0
12.3558 4.8269 4.8269 1 1 0
12.3758 4.82827 4.82827 1 1 0
12.3957 4.82963 4.82963 1 1 0
12.4157 4.831 4.831 1 1 0
12.4356 4.83236 4.83236 1 1 0
12.4556 4.83372 4.83372 1 1 0
12.4755 4.83508 4.83508 1 1 0
12.4955 4.83644 4.83644 1 1 0
12.5155 4.83779 4.83779 1 1 0
12.5354 4.83914 4.83914 1 1 0
12.5554 4.84049 4.84049 1 1 0
12.5753 4.84184 4.84184 1 1 0
12.5953 4.84319 4.84319 1 1 0
12.6152 4.84453 4.84453 1 1 0
12.6352 4.84587 4.84587 1 1 0
12.6551 4.84721 4.84721 1 1 0
12.6751 4.84855 4.84855 1 1 0
12.695 4.84989 4.84989 1 1 0
12.715 4.85122 4.85122 1 1 0
12.735 4.85255 4.85255 1 1 0
12.7549 4.85388 4.85388 1 1 0
12.7749 4.85521 4.85521 1 1 0
12.7948 4.85653 4.85653 1 1 0
12.8148 4.85786 4.85786 1 1 0
12.8347 4.85918 4.85918 1 1 0
12.8547 4.8605 4.8605 1 1 0
12.8746 4.86181 4.86181 1 1 0
12.8946 4.86313 4.86313 1 1 0
12.9146 4.86444 4.86444 1 1 0
12.9345 4.86575 4.86575 1 1 0
12.9545 4.86706 4.86706 1 1 0
12.9744 4.86837 4.86837 1 1 0
12.9944 4.86967 4.86967 1 1 0
13.0143 4.87098 4.87098 1 1 0
13.0343 4.87228 4.87228 1 1 0
13.0543 4.87358 4.87358 1 1 0
13.0742 4.87487 4.87487 1 1 0
13.0942 4.87617 4.87617 1 1 0
13.1141 4.87746 4.87746 1 1 0
13.1341 4.87875 4.87875 1 1 0
13.1541 4.88004 4.88004 1 1 0
13.174 4.88133 4.88133 1 1 0
13.194 4.88262 4.88262 1 1 0
13.2139 4.8839 4.8839 1 1 0
13.2339 4.88518 4.88518 1 1 0
13.2538 4.88646 4.88646 1 1 0
13.2738 4.88774 4.88774 1 1 0
13.2938 4.88901 4.88901 1 1 0
13.3137 4.89029 4.89029 1 1 0
13.3337 4.89156 4.89156 1 1 0
13.3536 4.89283 4.89283 1 1 0
13.3736 4.8941 4.8941 1 1 0
13.3936 4.89537 4.89537 1 1 0
13.4135 4.89663 4.89663 1 1 0
13.4335 4.89789 4.89789 1 1 0
13.4534 4.89915 4.89915 1 1 0
13.4734 4.90041 4.90041 1 1 0
13.4783 4.90072 4.90072 2 1 0
13.4983 4.90198 4.90198 2 1 0
13.5182 4.90323 4.90323 2 1 0
13.5382 4.90449 4.90449 2 1 0
13.5582 4.90574 4.90574 2 1 0
13.5781 4.90699 4.90699 2 1 0
13.5981 4.90824 4.90824 2 1 0
13.618 4.90948 4.90948 2 1 0
13.638 4.91073 4.91073 2 1 0
13.658 4.91197 4.91197 2 1 0
13.6779 4.91321 4.91321 2 1 0
13.6979 4.91445 4.91445 2 1 0
13.7178 4.91568 4.91568 2 1 0
13.7378 4.91692 4.91692 2 1 0
13.7578 4.91815 4.91815 2 1 0
13.7777 4.91938 4.91938 2 1 0
13.7977 4.92061 4.92061 2 1 0
13.8177 4.92184 4.92184 2 1 0
13.8376 4.92307 4.92307 2 1 0
13.8576 4.92429 4.92429 2 1 0
13.8775 4.92551 4.92551 2 1 0
13.8975 4.92674 4.92674 2 1 0
13.9175 4.92795 4.92795 2 1 0
13.9374 4.92917 4.92917 2 1 0
13.9574 4.93039 4.93039 2 1 0
13.9774 4.9316 4.9316 2 1 0
13.9973 4.93281 4.93281 2 1 0
14.0173 4.93403 4.93403 2 1 0
14.0373 4.93523 4.93523 2 1 0
14.0572 4.93644 4.93644 2 1 0
14.0772 4.93765 4.93765 2 1 0
14.0971 4.93885 4.93885 2 1 0
14.1171 4.94005 4.94005 2 1 0
14.1371 4.94125 4.94125 2 1 0
14.157 4.94245 4.94245 2 1 0
14.177 4.94365 4.94365 2 1 0
14.197 4.94485 4.94485 2 1 0
14.2169 4.94604 4.94604 2 1 0
14.2369 4.94723 4.94723 2 1 0
14.2569 4.94842 4.94842 2 1 0
14.2768 4.94961 4.94961 2 1 0
14.2968 4.9508 4.9508 2 1 0
14.3167 4.95198 4.95198 2 1 0
14.3367 4.95317 4.95317 2 1 0
14.3567 4.95435 4.95435 2 1 0
14.3766 4.95553 4.95553 2 1 0
14.3966 4.95671 4.95671 2 1 0
14.4166 4.95789 4.95789 2 1 0
14.4365 4.95906 4.95906 2 1 0
14.4565 4.96024 4.96024 2 1 0
14.4765 4.96141 4.96141 2 1 0
14.4964 4.96258 4.96258 2 1 0
14.5164 4.96375 4.96375 2 1 0
14.5364 4.96492 4.96492 2 1 0
14.5563 4.96609 4.96609 2 1 0
14.5763 4.96725 4.96725 2 1 0
14.5963 4.96841 4.96841 2 1 0
14.6162 4.96958 4.96958 2 1 0
14.6362 4.97074 4.97074 2 1 0
14.6562 4.97189 4.97189 2 1 0
14.6761 4.97305 4.97305 2 1 0
14.6961 4.97421 4.97421 2 1 0
14.7161 4.97536 4.97536 2 1 0
14.736 4.97651 4.97651 2 1 0
14.756 4.97766 4.97766 2 1 0
14.776 4.97881 4.97881 2 1 0
14.7959 4.97996 4.97996 2 1 0
14.8159 4.98111 4.98111 2 1 0
14.8359 4.98225 4.98225 2 1 0
14.8558 4.98339 4.98339 2 1 0
14.8758 4.98453 4.98453 2 1 0
14.8958 4.98567 4.98567 2 1 0
14.9157 4.98681 4.98681 2 1 0
14.9357 4.98795 4.98795 2 1 0
14.9557 4.98909 4.98909 2 1 0
14.9756 4.99022 4.99022 2 1 0
14.9956 4.99135 4.99135 2 1 0
15.0156 4.99248 4.99248 2 1 0
15.0355 4.99361 4.99361 2 1 0
15.0555 4.99474 4.99474 2 1 0
15.0755 4.99587 4.99587 2 1 0
15.0954 4.99699 4.99699 2 1 0
15.1154 4.99812 4.99812 2 1 0
15.1354 4.99924 4.99924 2 1 0
15.1554 5.00036 5.00036 2 1 0
15.1753 5.00148 5.00148 2 1 0
15.1953 5.0026 5.0026 2 1 0
15.2153 5.00371 5.00371 2 1 0
15.2352 5.00483 5.00483 2 1 0
15.2552 5.00594 5.00594 2 1 0
15.2752 5.00705 5.00705 2 1 0
15.2951 5.00816 5.00816 2 1 0
15.3151 5.00927 5.00927 2 1 0
15.3351 5.01038 5.01038 2 1 0
15.355 5.01149 5.01149 2 1 0
15.375 5.01259 5.01259 2 1 0
15.395 5.01369 5.01369 2 1 0
15.415 5.0148 5.0148 2 1 0
15.4349 5.0159 5.0159 2 1 0
15.4549 5.017 5.017 2 1 0
15.4749 5.01809 5.01809 2 1 0
15.4948 5.01919 5.01919 2 1 0
15.5148 5.02029 5.02029 2 1 0
15.5348 5.02138 5.02138 2 1 0
15.5547 5.02247 5.02247 2 1 0
15.5747 5.02356 5.02356 2 1 0
15.5947 5.02465 5.02465 2 1 0
15.6147 5.02574 5.02574 2 1 0
15.6346 5.02683 5.02683 2 1 0
15.6546 5.02791 5.02791 2 1 0
15.6746 5.029 5.029 2 1 0
15.6945 5.03008 5.03008 2 1 0
15.7145 5.03116 5.03116 2 1 0
15.7345 5.03224 5.03224 2 1 0
15.7544 5.03332 5.03332 2 1 0
15.7744 5.0344 5.0344 2 1 0
15.7944 5.03547 5.03547 2 1 0
15.8144 5.03655 5.03655 2 1 0
15.8343 5.03762 5.03762 2 1 0
15.8543 5.03869 5.03869 2 1 0
15.8743 5.03976 5.03976 2 1 0
15.8942 5.04083 5.04083 2 1 0
15.9142 5.0419 5.0419 2 1 0
13.4783 4.90072 4.90072 4 11 0
13.481 4.92922 4.87291 3 11 0
13.4887 4.95713 4.84694 3 11 0
13.4997 4.98261 4.82421 3 11 0
13.5129 5.00572 4.80441 3 11 0
13.5275 5.02689 4.7869 3 11 0
13.543 5.04653 4.77129 3 11 0
13.5592 5.06487 4.75705 3 11 0
13.576 5.08214 4.744 3 11 0
13.5931 5.09849 4.73177 3 11 0
13.6106 5.1141 4.72053 3 11 0
13.6283 5.12905 4.71001 3 11 0
13.6462 5.1433 4.70012 3 11 0
13.6643 5.15716 4.69077 3 11 0
13.6826 5.17056 4.6819 3 11 0
13.7009 5.18366 4.67346 3 11 0
13.7194 5.19631 4.66541 3 11 0
13.738 5.20862 4.65772 3 11 0
13.7566 5.22075 4.65032 3 11 0
13.7753 5.23248 4.64324 3 11 0
13.7941 5.24395 4.63643 3 11 0
13.813 5.2553 4.62982 3 11 0
13.8318 5.26631 4.62349 3 11 0
13.8508 5.27711 4.61737 3 11 0
13.8698 5.28782 4.6114 3 11 0
13.8888 5.29825 4.60567 3 11 0
13.9079 5.3085 4.6001 3 11 0
13.927 5.31861 4.59471 3 11 0
13.9461 5.32856 4.58946 3 11 0
13.9652 5.33835 4.58436 3 11 0
13.9844 5.34801 4.57951 3 11 0
14.0036 5.35754 4.57469 3 11 0
14.0228 5.36695 4.56999 3 11 0
14.0421 5.37622 4.56543 3 11 0
14.0614 5.38539 4.56096 3 11 0
14.0806 5.39446 4.5566 3 11 0
14.1 5.40328 4.55213 3 11 0
14.1193 5.41214 4.54796 3 11 0
14.1386 5.42091 4.54388 3 11 0
14.158 5.42958 4.54008 3 11 0
14.1773 5.43816 4.53618 3 11 0
14.1967 5.44667 4.53236 3 11 0
14.2161 5.45525 4.52865 3 11 0
14.2355 5.46359 4.52498 3 11 0
14.2549 5.47186 4.52139 3 11 0
14.2744 5.47988 4.51815 3 11 0
14.2938 5.488 4.5147 3 11 0
14.3133 5.49605 4.51132 3 11 0
14.3327 5.50367 4.50753 3 11 0
14.3522 5.51158 4.50427 3 11 0
14.3717 5.51943 4.50106 3 11 0
14.3912 5.52735 4.49812 3 11 0
14.4107 5.53508 4.49503 3 11 0
14.4302 5.54275 4.492 3 11 0
14.4497 5.55035 4.48913 3 11 0
14.4692 5.5579 4.4862 3 11 0
14.4887 5.56541 4.48331 3 11 0
14.5083 5.57279 4.48053 3 11 0
14.5278 5.58019 4.47775 3 11 0
14.5473 5.58755 4.47501 3 11 0
14.5669 5.59487 4.47217 3 11 0
14.5865 5.60214 4.46951 3 11 0
14.606 5.60936 4.4669 3 11 0
14.6256 5.61715 4.46446 3 11 0
14.6452 5.62429 4.46193 3 11 0
14.6647 5.63138 4.45943 3 11 0
14.6843 5.6384 4.4566 3 11 0
14.7039 5.64541 4.45418 3 11 0
14.7235 5.65238 4.4518 3 11 0
14.7431 5.65919 4.44972 3 11 0
14.7627 5.66607 4.44741 3 11 0
14.7823 5.67292 4.44513 3 11 0
14.8019 5.67931 4.44298 3 11 0
14.8216 5.68608 4.44076 3 11 0
14.8412 5.69282 4.43858 3 11 0
14.8608 5.69993 4.43619 3 11 0
14.8804 5.70661 4.43406 3 11 0
14.9001 5.71325 4.43197 3 11 0
14.9197 5.72001 4.43043 3 11 0
14.9393 5.72659 4.4284 3 11 0
14.959 5.73313 4.42639 3 11 0
14.9786 5.73923 4.42466 3 11 0
14.9983 5.7457 4.42271 3 11 0
15.0179 5.75215 4.42078 3 11 0
15.0376 5.75816 4.41877 3 11 0
15.0573 5.76454 4.41689 3 11 0
15.0769 5.7709 4.41504 3 11 0
15.0966 5.77799 4.41332 3 11 0
15.1163 5.7843 4.41151 3 11 0
15.1359 5.79058 4.40972 3 11 0
15.1556 5.7965 4.40812 3 11 0
15.1753 5.80273 4.40638 3 11 0
15.195 5.80893 4.40467 3 11 0
15.2146 5.81563 4.40232 3 11 0
15.2343 5.82179 4.40064 3 11 0
15.254 5.82791 4.39897 3 11 0
15.2737 5.83363 4.39712 3 11 0
15.2934 5.8397 4.39549 3 11 0
15.3131 5.84575 4.39389 3 11 0
15.3328 5.85207 4.39233 3 11 0
15.3525 5.85807 4.39077 3 11 0
15.3722 5.86406 4.38922 3 11 0
15.3919 5.86978 4.38766 3 11 0
15.4116 5.87571 4.38614 3 11 0
15.4313 5.88163 4.38464 3 11 0
15.451 5.88788 4.38297 3 11 0
15.4707 5.89375 4.38151 3 11 0
15.4904 5.89961 4.38006 3 11 0
15.5102 5.90492 4.37935 3 11 0
15.5299 5.91072 4.37794 3 11 0
15.5496 5.91651 4.37654 3 11 0
15.5693 5.92284 4.37451 3 11 0
15.589 5.9286 4.37314 3 11 0
15.6088 5.93433 4.37179 3 11 0
15.6285 5.93915 4.37147 3 11 0
15.6482 5.94484 4.37014 3 11 0
15.668 5.9505 4.36884 3 11 0
15.6877 5.957 4.36651 3 11 0
15.7074 5.96264 4.36523 3 11 0
15.7272 5.96826 4.36396 3 11 0
15.7469 5.97366 4.36322 3 11 0
15.7666 5.97924 4.36199 3 11 0
15.7864 5.98481 4.36077 3 11 0
15.8061 5.99021 4.3589 3 11 0
15.8259 5.99574 4.3577 3 11 0
15.8456 6.00126 4.35651 3 11 0
15.8654 6.00698 4.35626 3 11 0
15.8851 6.01246 4.3551 3 11 0
15.9049 6.01792 4.35394 3 11 0
15.9246 6.02356 4.35216 3 11 0
15.9444 6.029 4.35103 3 11 0
15.9641 6.03441 4.34992 3 11 0
15.9839 6.03971 4.34912 3 11 0
16.0036 6.04509 4.34802 3 11 0
16.0234 6.05046 4.34694 3 11 0
16.0431 6.05591 4.34555 3 11 0
16.0629 6.06125 4.34449 3 11 0
16.0827 6.06657 4.34344 3 11 0
16.1024 6.07185 4.34262 3 11 0
16.1222 6.07714 4.34159 3 11 0
16.142 6.08242 4.34057 3 11 0
16.1617 6.08771 4.33933 3 11 0
16.1815 6.09296 4.33833 3 11 0
16.2013 6.09819 4.33735 3 11 0
16.221 6.10342 4.33649 3 11 0
16.2408 6.10862 4.33552 3 11 0
16.2606 6.11382 4.33457 3 11 0
16.2804 6.11899 4.33346 3 11 0
16.3001 6.12415 4.33252 3 11 0
16.3199 6.1293 4.33159 3 11 0
16.3397 6.13445 4.33073 3 11 0
16.3595 6.13958 4.32981 3 11 0
16.3792 6.14469 4.32891 3 11 0
16.399 6.14976 4.32791 3 11 0
16.4188 6.15485 4.32702 3 11 0
16.4386 6.15992 4.32615 3 11 0
16.4584 6.16499 4.32529 3 11 0
16.4782 6.17004 4.32443 3 11 0
16.4979 6.17507 4.32358 3 11 0
16.5177 6.18006 4.32265 3 11 0
16.5375 6.18507 4.32182 3 11 0
16.5573 6.19006 4.32099 3 11 0
16.5771 6.19505 4.32015 3 11 0
16.5969 6.20002 4.31934 3 11 0
16.6167 6.20498 4.31854 3 11 0
16.6365 6.20987 4.31769 3 11 0
16.6563 6.21481 4.31691 3 11 0
16.676 6.21974 4.31613 3 11 0
16.6958 6.22465 4.31536 3 11 0
16.7156 6.22955 4.31459 3 11 0
16.7354 6.23444 4.31384 3 11 0
16.7552 6.23932 4.31313 3 11 0
16.775 6.24419 4.31239 3 11 0
16.7948 6.24905 4.31165 3 11 0
16.8146 6.2539 4.31118 3 11 0
16.8344 6.25873 4.31045 3 11 0
16.8542 6.26356 4.30974 3 11 0
16.874 6.26837 4.30923 3 11 0
16.8938 6.27317 4.30853 3 11 0
16.9136 6.27797 4.30784 3 11 0
16.9334 6.28273 4.30734 3 11 0
16.9533 6.2875 4.30665 3 11 0
16.9731 6.29226 4.30598 3 11 0
16.9929 6.297 4.30547 3 11 0
17.0127 6.30174 4.3048 3 11 0
17.0325 6.30647 4.30415 3 11 0
17.0523 6.31117 4.30365 3 11 0
17.0721 6.31588 4.30301 3 11 0
17.0919 6.32058 4.30237 3 11 0
17.1117 6.32525 4.30192 3 11 0
17.1315 6.32993 4.3013 3 11 0
17.1514 6.3346 4.30067 3 11 0
17.1712 6.33924 4.3002 3 11 0
17.191 6.34389 4.29959 3 11 0
17.2108 6.34853 4.29899 3 11 0
17.2306 6.35312 4.29847 3 11 0
17.2504 6.35774 4.29788 3 11 0
17.2702 6.36235 4.29731 3 11 0
17.2901 6.36697 4.29681 3 11 0
17.3099 6.37156 4.29625 3 11 0
4 3.85997 3.85997 2 1 0
4.03595 3.87541 3.87541 1 1 0
4.05551 3.87956 3.87956 1 1 0
4.07508 3.88369 3.88369 1 1 0
4.09465 3.8878 3.8878 1 1 0
4.11423 3.89189 3.89189 1 1 0
4.13381 3.89596 3.89596 1 1 0
4.1534 3.90001 3.90001 1 1 0
4.17299 3.90405 3.90405 1 1 0
4.19258 3.90806 3.90806 1 1 0
4.21218 3.91206 3.91206 1 1 0
4.23178 3.91604 3.91604 1 1 0
4.25138 3.92 3.92 1 1 0
4.27099 3.92394 3.92394 1 1 0
4.2906 3.92786 3.92786 1 1 0
4.31021 3.93177 3.93177 1 1 0
4.32983 3.93566 3.93566 1 1 0
4.34945 3.93953 3.93953 1 1 0
4.36908 3.94338 3.94338 1 1 0
4.38871 3.94722 3.94722 1 1 0
4.40834 3.95104 3.95104 1 1 0
4.42798 3.95484 3.95484 1 1 0
4.44761 3.95862 3.95862 1 1 0
4.46726 3.96239 3.96239 1 1 0
4.4869 3.96615 3.96615 1 1 0
4.50655 3.96988 3.96988 1 1 0
4.5262 3.9736 3.9736 1 1 0
4.54585 3.97731 3.97731 1 1 0
4.56551 3.981 3.981 1 1 0
4.58517 3.98467 3.98467 1 1 0
4.60483 3.98833 3.98833 1 1 0
4.6245 3.99197 3.99197 1 1 0
4.64417 3.9956 3.9956 1 1 0
4.66384 3.99921 3.99921 1 1 0
4.68351 4.00281 4.00281 1 1 0
4.70319 4.00639 4.00639 1 1 0
4.72287 4.00995 4.00995 1 1 0
4.74255 4.01351 4.01351 1 1 0
4.76223 4.01704 4.01704 1 1 0
4.78192 4.02057 4.02057 1 1 0
4.80161 4.02408 4.02408 1 1 0
4.8213 4.02757 4.02757 1 1 0
4.841 4.03105 4.03105 1 1 0
4.8607 4.03452 4.03452 1 1 0
4.8804 4.03797 4.03797 1 1 0
4.9001 4.04141 4.04141 1 1 0
4.9198 4.04483 4.04483 1 1 0
4.93951 4.04824 4.04824 1 1 0
4.95922 4.05164 4.05164 1 1 0
4.97893 4.05503 4.05503 1 1 0
4.99864 4.0584 4.0584 1 1 0
5.01836 4.06175 4.06175 1 1 0
5.03808 4.0651 4.0651 1 1 0
5.0578 4.06843 4.06843 1 1 0
5.07752 4.07175 4.07175 1 1 0
5.09725 4.07506 4.07506 1 1 0
5.11697 4.07835 4.07835 1 1 0
5.1367 4.08163 4.08163 1 1 0
5.15643 4.0849 4.0849 1 1 0
5.17617 4.08815 4.08815 1 1 0
5.1959 4.0914 4.0914 1 1 0
5.21564 4.09463 4.09463 1 1 0
5.23538 4.09785 4.09785 1 1 0
5.25512 4.10106 4.10106 1 1 0
5.27486 4.10425 4.10425 1 1 0
5.29461 4.10744 4.10744 1 1 0
5.31435 4.11061 4.11061 1 1 0
5.3341 4.11377 4.11377 1 1 0
5.35385 4.11692 4.11692 1 1 0
5.37361 4.12005 4.12005 1 1 0
5.39336 4.12318 4.12318 1 1 0
5.41312 4.12629 4.12629 1 1 0
5.43287 4.1294 4.1294 1 1 0
5.45263 4.13249 4.13249 1 1 0
5.4724 4.13557 4.13557 1 1 0
5.49216 4.13864 4.13864 1 1 0
5.51192 4.1417 4.1417 1 1 0
5.53169 4.14474 4.14474 1 1 0
5.55146 4.14778 4.14778 1 1 0
5.57123 4.15081 4.15081 1 1 0
5.591 4.15382 4.15382 1 1 0
5.61077 4.15683 4.15683 1 1 0
5.63055 4.15982 4.15982 1 1 0
5.65032 4.16281 4.16281 1 1 0
5.6701 4.16578 4.16578 1 1 0
5.68988 4.16874 4.16874 1 1 0
5.70966 4.1717 4.1717 1 1 0
5.72944 4.17464 4.17464 1 1 0
5.74923 4.17757 4.17757 1 1 0
5.76901 4.1805 4.1805 1 1 0
5.7888 4.18341 4.18341 1 1 0
5.80859 4.18631 4.18631 1 1 0
5.82838 4.18921 4.18921 1 1 0
5.84817 4.19209 4.19209 1 1 0
5.86796 4.19496 4.19496 1 1 0
5.88775 4.19783 4.19783 1 1 0
5.90755 4.20068 4.20068 1 1 0
5.92735 4.20353 4.20353 1 1 0
5.94714 4.20636 4.20636 1 1 0
5.96694 4.20919 4.20919 1 1 0
5.98674 4.21201 4.21201 1 1 0
6.00654 4.21481 4.21481 1 1 0
6.02635 4.21761 4.21761 1 1 0
6.04615 4.2204 4.2204 1 1 0
6.06596 4.22318 4.22318 1 1 0
6.08577 4.22596 4.22596 1 1 0
6.10557 4.22872 4.22872 1 1 0
6.12538 4.23147 4.23147 1 1 0
6.14519 4.23422 4.23422 1 1 0
6.16501 4.23695 4.23695 1 1 0
6.18482 4.23968 4.23968 1 1 0
6.20463 4.2424 4.2424 1 1 0
6.22445 4.24511 4.24511 1 1 0
6.24427 4.24781 4.24781 1 1 0
6.26408 4.2505 4.2505 1 1 0
6.2839 4.25319 4.25319 1 1 0
6.30372 4.25586 4.25586 1 1 0
6.32354 4.25853 4.25853 1 1 0
6.34337 4.26119 4.26119 1 1 0
6.36319 4.26384 4.26384 1 1 0
6.38301 4.26649 4.26649 1 1 0
6.40284 4.26912 4.26912 1 1 0
6.42267 4.27175 4.27175 1 1 0
6.44249 4.27437 4.27437 1 1 0
6.46232 4.27698 4.27698 1 1 0
6.48215 4.27958 4.27958 1 1 0
6.50198 4.28218 4.28218 1 1 0
6.52182 4.28476 4.28476 1 1 0
6.54165 4.28734 4.28734 1 1 0
6.56148 4.28991 4.28991 1 1 0
6.58132 4.29248 4.29248 1 1 0
6.60115 4.29503 4.29503 1 1 0
6.62099 4.29758 4.29758 1 1 0
6.64083 4.30012 4.30012 1 1 0
6.66067 4.30266 4.30266 1 1 0
6.68051 4.30518 4.30518 1 1 0
6.70035 4.3077 4.3077 1 1 0
6.72019 4.31021 4.31021 1 1 0
6.74003 4.31272 4.31272 1 1 0
6.75988 4.31521 4.31521 1 1 0
6.77972 4.3177 4.3177 1 1 0
6.79957 4.32018 4.32018 1 1 0
6.81941 4.32266 4.32266 1 1 0
6.83926 4.32513 4.32513 1 1 0
6.85911 4.32759 4.32759 1 1 0
6.87896 4.33004 4.33004 1 1 0
6.89881 4.33249 4.33249 1 1 0
6.91866 4.33493 4.33493 1 1 0
6.93851 4.33736 4.33736 1 1 0
6.95836 4.33979 4.33979 1 1 0
6.97821 4.3422 4.3422 1 1 0
6.99807 4.34462 4.34462 1 1 0
7.01792 4.34702 4.34702 1 1 0
7.03778 4.34942 4.34942 1 1 0
7.05764 4.35181 4.35181 1 1 0
7.07749 4.3542 4.3542 1 1 0
7.09735 4.35658 4.35658 1 1 0
7.11721 4.35895 4.35895 1 1 0
7.13707 4.36131 4.36131 1 1 0
7.15693 4.36367 4.36367 1 1 0
7.17679 4.36602 4.36602 1 1 0
7.19665 4.36837 4.36837 1 1 0
7.21652 4.37071 4.37071 1 1 0
7.23638 4.37304 4.37304 1 1 0
7.25624 4.37537 4.37537 1 1 0
7.27611 4.37769 4.37769 1 1 0
7.29597 4.38 4.38 1 1 0
7.31584 4.38231 4.38231 1 1 0
7.33571 4.38461 4.38461 1 1 0
7.35558 4.38691 4.38691 1 1 0
7.37544 4.3892 4.3892 1 1 0
7.39531 4.39148 4.39148 1 1 0
7.41518 4.39376 4.39376 1 1 0
7.43505 4.39603 4.39603 1 1 0
7.45492 4.39829 4.39829 1 1 0
7.4748 4.40055 4.40055 1 1 0
7.49467 4.4028 4.4028 1 1 0
7.51454 4.40505 4.40505 1 1 0
7.53442 4.40729 4.40729 1 1 0
7.55429 4.40953 4.40953 1 1 0
7.57417 4.41176 4.41176 1 1 0
7.59404 4.41398 4.41398 1 1 0
7.61392 4.4162 4.4162 1 1 0
7.6338 4.41841 4.41841 1 1 0
7.65367 4.42062 4.42062 1 1 0
7.67355 4.42282 4.42282 1 1 0
7.69343 4.42501 4.42501 1 1 0
7.71331 4.4272 4.4272 1 1 0
7.73319 4.42939 4.42939 1 1 0
7.75307 4.43157 4.43157 1 1 0
7.77296 4.43374 4.43374 1 1 0
7.79284 4.43591 4.43591 1 1 0
7.81272 4.43807 4.43807 1 1 0
7.8326 4.44022 4.44022 1 1 0
7.85249 4.44238 4.44238 1 1 0
7.87237 4.44452 4.44452 1 1 0
7.89226 4.44666 4.44666 1 1 0
7.91214 4.4488 4.4488 1 1 0
7.93203 4.45093 4.45093 1 1 0
7.95192 4.45305 4.45305 1 1 0
8.9469 4.55305 4.55305 2 1 0
8.98672 4.55681 4.55681 1 1 0
9.00663 4.55869 4.55869 1 1 0
9.02654 4.56056 4.56056 1 1 0
9.04646 4.56243 4.56243 1 1 0
9.06637 4.5643 4.5643 1 1 0
9.08628 4.56616 4.56616 1 1 0
9.1062 4.56801 4.56801 1 1 0
9.12611 4.56987 4.56987 1 1 0
9.14603 4.57171 4.57171 1 1 0
9.16594 4.57356 4.57356 1 1 0
9.18586 4.5754 4.5754 1 1 0
9.20577 4.57724 4.57724 1 1 0
9.22569 4.57907 4.57907 1 1 0
9.2456 4.5809 4.5809 1 1 0
9.26552 4.58272 4.58272 1 1 0
9.28544 4.58454 4.58454 1 1 0
9.30535 4.58636 4.58636 1 1 0
9.32527 4.58817 4.58817 1 1 0
9.34519 4.58998 4.58998 1 1 0
9.36511 4.59179 4.59179 1 1 0
9.38503 4.59359 4.59359 1 1 0
9.40495 4.59539 4.59539 1 1 0
9.42486 4.59718 4.59718 1 1 0
9.44478 4.59897 4.59897 1 1 0
9.4647 4.60076 4.60076 1 1 0
9.48462 4.60254 4.60254 1 1 0
9.50455 4.60432 4.60432 1 1 0
9.52447 4.6061 4.6061 1 1 0
9.54439 4.60787 4.60787 1 1 0
9.56431 4.60964 4.60964 1 1 0
9.58423 4.6114 4.6114 1 1 0
9.60415 4.61317 4.61317 1 1 0
9.62408 4.61492 4.61492 1 1 0
9.644 4.61668 4.61668 1 1 0
9.66392 4.61843 4.61843 1 1 0
9.68385 4.62017 4.62017 1 1 0
9.70377 4.62192 4.62192 1 1 0
9.72369 4.62366 4.62366 1 1 0
9.74362 4.62539 4.62539 1 1 0
9.76354 4.62713 4.62713 1 1 0
9.78347 4.62885 4.62885 1 1 0
9.80339 4.63058 4.63058 1 1 0
9.82332 4.6323 4.6323 1 1 0
9.84325 4.63402 4.63402 1 1 0
9.86317 4.63574 4.63574 1 1 0
9.8831 4.63745 4.63745 1 1 0
9.90303 4.63916 4.63916 1 1 0
9.92295 4.64086 4.64086 1 1 0
9.94288 4.64256 4.64256 1 1 0
9.96281 4.64426 4.64426 1 1 0
9.98274 4.64596 4.64596 1 1 0
10.0027 4.64765 4.64765 1 1 0
10.0226 4.64933 4.64933 1 1 0
10.0425 4.65102 4.65102 1 1 0
10.0625 4.6527 4.6527 1 1 0
10.0824 4.65438 4.65438 1 1 0
10.1023 4.65605 4.65605 1 1 0
10.1222 4.65773 4.65773 1 1 0
10.1422 4.65939 4.65939 1 1 0
10.1621 4.66106 4.66106 1 1 0
10.182 4.66272 4.66272 1 1 0
10.202 4.66438 4.66438 1 1 0
10.2219 4.66604 4.66604 1 1 0
10.2418 4.66769 4.66769 1 1 0
10.2618 4.66934 4.66934 1 1 0
10.2817 4.67098 4.67098 1 1 0
10.3016 4.67262 4.67262 1 1 0
10.3216 4.67426 4.67426 1 1 0
10.3415 4.6759 4.6759 1 1 0
10.3614 4.67753 4.67753 1 1 0
10.3814 4.67916 4.67916 1 1 0
10.4013 4.68079 4.68079 1 1 0
10.4212 4.68242 4.68242 1 1 0
10.4412 4.68404 4.68404 1 1 0
10.4611 4.68565 4.68565 1 1 0
10.481 4.68727 4.68727 1 1 0
10.501 4.68888 4.68888 1 1 0
10.5209 4.69049 4.69049 1 1 0
10.5408 4.6921 4.6921 1 1 0
10.5608 4.6937 4.6937 1 1 0
10.5807 4.6953 4.6953 1 1 0
10.6006 4.69689 4.69689 1 1 0
10.6206 4.69849 4.69849 1 1 0
10.6405 4.70008 4.70008 1 1 0
10.6604 4.70167 4.70167 1 1 0
10.6804 4.70325 4.70325 1 1 0
10.7003 4.70483 4.70483 1 1 0
10.7203 4.70641 4.70641 1 1 0
10.7402 4.70799 4.70799 1 1 0
10.7601 4.70956 4.70956 1 1 0
10.7801 4.71113 4.71113 1 1 0
10.8 4.7127 4.7127 1 1 0
10.82 4.71427 4.71427 1 1 0
10.8399 4.71583 4.71583 1 1 0
10.8598 4.71739 4.71739 1 1 0
10.8798 4.71894 4.71894 1 1 0
10.8997 4.7205 4.7205 1 1 0
10.9196 4.72205 4.72205 1 1 0
10.9396 4.72359 4.72359 1 1 0
10.9595 4.72514 4.72514 1 1 0
10.9795 4.72668 4.72668 1 1 0
10.9994 4.72822 4.72822 1 1 0
11.0194 4.72976 4.72976 1 1 0
11.0393 4.73129 4.73129 1 1 0
11.0592 4.73282 4.73282 1 1 0
11.0792 4.73435 4.73435 1 1 0
11.0991 4.73588 4.73588 1 1 0
11.1191 4.7374 4.7374 1 1 0
11.139 4.73892 4.73892 1 1 0
11.1589 4.74044 4.74044 1 1 0
11.1789 4.74195 4.74195 1 1 0
11.1988 4.74346 4.74346 1 1 0
11.2188 4.74497 4.74497 1 1 0
11.2387 4.74648 4.74648 1 1 0
11.2587 4.74798 4.74798 1 1 0
11.2786 4.74949 4.74949 1 1 0
11.2985 4.75098 4.75098 1 1 0
11.3185 4.75248 4.75248 1 1 0
11.3384 4.75397 4.75397 1 1 0
11.3584 4.75547 4.75547 1 1 0
11.3783 4.75695 4.75695 1 1 0
11.3983 4.75844 4.75844 1 1 0
11.4182 4.75992 4.75992 1 1 0
11.4382 4.7614 4.7614 1 1 0
11.4581 4.76288 4.76288 1 1 0
11.478 4.76436 4.76436 1 1 0
11.498 4.76583 4.76583 1 1 0
11.5179 4.7673 4.7673 1 1 0
11.5379 4.76877 4.76877 1 1 0
11.5578 4.77024 4.77024 1 1 0
11.5778 4.7717 4.7717 1 1 0
11.5977 4.77316 4.77316 1 1 0
11.6177 4.77462 4.77462 1 1 0
11.6376 4.77607 4.77607 1 1 0
11.6576 4.77753 4.77753 1 1 0
11.6775 4.77898 4.77898 1 1 0
11.6975 4.78043 4.78043 1 1 0
11.7174 4.78187 4.78187 1 1 0
11.7374 4.78332 4.78332 1 1 0
11.7573 4.78476 4.78476 1 1 0
11.7773 4.78619 4.78619 1 1 0
11.7972 4.78763 4.78763 1 1 0
11.8171 4.78906 4.78906 1 1 0
11.8371 4.7905 4.7905 1 1 0
11.857 4.79192 4.79192 1 1 0
11.877 4.79335 4.79335 1 1 0
11.8969 4.79478 4.79478 1 1 0
11.9169 4.7962 4.7962 1 1 0
11.9368 4.79762 4.79762 1 1 0
11.9568 4.79903 4.79903 1 1 0
11.9767 4.80045 4.80045 1 1 0
11.9967 4.80186 4.80186 1 1 0
12.0166 4.80327 4.80327 1 1 0
12.0366 4.80468 4.80468 1 1 0
12.0565 4.80608 4.80608 1 1 0
12.0765 4.80749 4.80749 1 1 0
12.0964 4.80889 4.80889 1 1 0
12.1164 4.81029 4.81029 1 1 0
12.1363 4.81168 4.81168 1 1 0
12.1563 4.81308 4.81308 1 1 0
12.1763 4.81447 4.81447 1 1 0
12.1962 4.81586 4.81586 1 1 0
12.2162 4.81725 4.81725 1 1 0
12.2361 4.81863 4.81863 1 1 0
12.2561 4.82001 4.82001 1 1 0
12.276 4.8214 4.8214 1 1 0
12.296 4.82277 4.82277 1 1 0
12.3159 4.82415 4.82415 1 1 0
12.3359 4.82552 4.82552 1 1 0
12.3558 4.8269 4.8269 1 1 0
12.3758 4.82827 4.82827 1 1 0
12.3957 4.82963 4.82963 1 1 0
12.4157 4.831 4.831 1 1 0
12.4356 4.83236 4.83236 1 1 0
12.4556 4.83372 4.83372 1 1 0
12.4755 4.83508 4.83508 1 1 0
12.4955 4.83644 4.83644 1 1 0
12.5155 4.83779 4.83779 1 1 0
12.5354 4.83914 4.83914 1 1 0
12.5554 4.84049 4.84049 1 1 0
12.5753 4.84184 4.84184 1 1 0
12.5953 4.84319 4.84319 1 1 0
12.6152 4.84453 4.84453 1 1 0
12.6352 4.84587 4.84587 1 1 0
12.6551 4.84721 4.84721 1 1 0
12.6751 4.84855 4.84855 1 1 0
12.695 4.84989 4.84989 1 1 0
12.715 4.85122 4.85122 1 1 0
12.735 4.85255 4.85255 1 1 0
12.7549 4.85388 4.85388 1 1 0
12.7749 4.85521 4.85521 1 1 0
12.7948 4.85653 4.85653 1 1 0
12.8148 4.85786 4.85786 1 1 0
12.8347 4.85918 4.85918 1 1 0
12.8547 4.8605 4.8605 1 1 0
12.8746 4.86181 4.86181 1 1 0
12.8946 4.86313 4.86313 1 1 0
12.9146 4.86444 4.86444 1 1 0
12.9345 4.86575 4.86575 1 1 0
8.9469 4.55305 4.55305 2 1 0
8.98672 4.55681 4.55681 1 1 0
9.00663 4.55869 4.55869 1 1 0
9.02654 4.56056 4.56056 1 1 0
9.04646 4.56243 4.56243 1 1 0
9.06637 4.5643 4.5643 1 1 0
9.08628 4.56616 4.56616 1 1 0
9.1062 4.56801 4.56801 1 1 0
9.12611 4.56987 4.56987 1 1 0
9.14603 4.57171 4.57171 1 1 0
9.16594 4.57356 4.57356 1 1 0
9.18586 4.5754 4.5754 1 1 0
9.20577 4.57724 4.57724 1 1 0
9.22569 4.57907 4.57907 1 1 0
9.2456 4.5809 4.5809 1 1 0
9.26552 4.58272 4.58272 1 1 0
9.28544 4.58454 4.58454 1 1 0
9.30535 4.58636 4.58636 1 1 0
9.32527 4.58817 4.58817 1 1 0
9.34519 4.58998 4.58998 1 1 0
9.36511 4.59179 4.59179 1 1 0
9.38503 4.59359 4.59359 1 1 0
9.40495 4.59539 4.59539 1 1 0
9.42486 4.59718 4.59718 1 1 0
9.44478 4.59897 4.59897 1 1 0
9.4647 4.60076 4.60076 1 1 0
9.48462 4.60254 4.60254 1 1 0
9.50455 4.60432 4.60432 1 1 0
9.52447 4.6061 4.6061 1 1 0
9.54439 4.60787 4.60787 1 1 0
9.56431 4.60964 4.60964 1 1 0
9.58423 4.6114 4.6114 1 1 0
9.60415 4.61317 4.61317 1 1 0
9.62408 4.61492 4.61492 1 1 0
9.644 4.61668 4.61668 1 1 0
9.66392 4.61843 4.61843 1 1 0
9.68385 4.62017 4.62017 1 1 0
9.70377 4.62192 4.62192 1 1 0
9.72369 4.62366 4.62366 1 1 0
9.74362 4.62539 4.62539 1 1 0
9.76354 4.62713 4.62713 1 1 0
9.78347 4.62885 4.62885 1 1 0
9.80339 4.63058 4.63058 1 1 0
9.82332 4.6323 4.6323 1 1 0
9.84325 4.63402 4.63402 1 1 0
9.86317 4.63574 4.63574 1 1 0
9.8831 4.63745 4.63745 1 1 0
9.90303 4.63916 4.63916 1 1 0
9.92295 4.64086 4.64086 1 1 0
9.94288 4.64256 4.64256 1 1 0
9.96281 4.64426 4.64426 1 1 0
9.98274 4.64596 4.64596 1 1 0
10.0027 4.64765 4.64765 1 1 0
10.0226 4.64933 4.64933 1 1 0
10.0425 4.65102 4.65102 1 1 0
10.0625 4.6527 4.6527 1 1 0
10.0824 4.65438 4.65438 1 1 0
10.1023 4.65605 4.65605 1 1 0
10.1222 4.65773 4.65773 1 1 0
10.1422 4.65939 4.65939 1 1 0
10.1621 4.66106 4.66106 1 1 0
10.182 4.66272 4.66272 1 1 0
10.202 4.66438 4.66438 1 1 0
10.2219 4.66604 4.66604 1 1 0
10.2418 4.66769 4.66769 1 1 0
10.2618 4.66934 4.66934 1 1 0
10.2817 4.67098 4.67098 1 1 0
10.3016 4.67262 4.67262 1 1 0
10.3216 4.67426 4.67426 1 1 0
10.3415 4.6759 4.6759 1 1 0
10.3614 4.67753 4.67753 1 1 0
10.3814 4.67916 4.67916 1 1 0
10.4013 4.68079 4.68079 1 1 0
10.4212 4.68242 4.68242 1 1 0
10.4412 4.68404 4.68404 1 1 0
10.4611 4.68565 4.68565 1 1 0
10.481 4.68727 4.68727 1 1 0
10.501 4.68888 4.68888 1 1 0
10.5209 4.69049 4.69049 1 1 0
10.5408 4.6921 4.6921 1 1 0
10.5608 4.6937 4.6937 1 1 0
10.5807 4.6953 4.6953 1 1 0
10.6006 4.69689 4.69689 1 1 0
10.6206 4.69849 4.69849 1 1 0
10.6405 4.70008 4.70008 1 1 0
10.6604 4.70167 4.70167 1 1 0
10.6804 4.70325 4.70325 1 1 0
10.7003 4.70483 4.70483 1 1 0
10.7203 4.70641 4.70641 1 1 0
10.7402 4.70799 4.70799 1 1 0
10.7601 4.70956 4.70956 1 1 0
10.7801 4.71113 4.71113 1 1 0
10.8 4.7127 4.7127 1 1 0
10.82 4.71427 4.71427 1 1 0
10.8399 4.71583 4.71583 1 1 0
10.8598 4.71739 4.71739 1 1 0
10.8798 4.71894 4.71894 1 1 0
10.8997 4.7205 4.7205 1 1 0
10.9196 4.72205 4.72205 1 1 0
10.9396 4.72359 4.72359 1 1 0
10.9595 4.72514 4.72514 1 1 0
10.9795 4.72668 4.72668 1 1 0
10.9994 4.72822 4.72822 1 1 0
11.0194 4.72976 4.72976 1 1 0
11.0393 4.73129 4.73129 1 1 0
11.0592 4.73282 4.73282 1 1 0
11.0792 4.73435 4.73435 1 1 0
11.0991 4.73588 4.73588 1 1 0
11.1191 4.7374 4.7374 1 1 0
11.139 4.73892 4.73892 1 1 0
11.1589 4.74044 4.74044 1 1 0
11.1789 4.74195 4.74195 1 1 0
11.1988 4.74346 4.74346 1 1 0
11.2188 4.74497 4.74497 1 1 0
11.2387 4.74648 4.74648 1 1 0
11.2587 4.74798 4.74798 1 1 0
11.2786 4.74949 4.74949 1 1 0
11.2985 4.75098 4.75098 1 1 0
11.3185 4.75248 4.75248 1 1 0
11.3384 4.75397 4.75397 1 1 0
11.3584 4.75547 4.75547 1 1 0
11.3783 4.75695 4.75695 1 1 0
11.3983 4.75844 4.75844 1 1 0
11.4182 4.75992 4.75992 1 1 0
11.4382 4.7614 4.7614 1 1 0
11.4581 4.76288 4.76288 1 1 0
11.478 4.76436 4.76436 1 1 0
11.498 4.76583 4.76583 1 1 0
11.5179 4.7673 4.7673 1 1 0
11.5379 4.76877 4.76877 1 1 0
11.5578 4.77024 4.77024 1 1 0
11.5778 4.7717 4.7717 1 1 0
11.5977 4.77316 4.77316 1 1 0
11.6177 4.77462 4.77462 1 1 0
11.6376 4.77607 4.77607 1 1 0
11.6576 4.77753 4.77753 1 1 0
11.6775 4.77898 4.77898 1 1 0
11.6975 4.78043 4.78043 1 1 0
11.7174 4.78187 4.78187 1 1 0
11.7374 4.78332 4.78332 1 1 0
11.7573 4.78476 4.78476 1 1 0
11.7773 4.78619 4.78619 1 1 0
11.7972 4.78763 4.78763 1 1 0
11.8171 4.78906 4.78906 1 1 0
11.8371 4.7905 4.7905 1 1 0
11.857 4.79192 4.79192 1 1 0
11.877 4.79335 4.79335 1 1 0
11.8969 4.79478 4.79478 1 1 0
11.9169 4.7962 4.7962 1 1 0
11.9368 4.79762 4.79762 1 1 0
11.9568 4.79903 4.79903 1 1 0
11.9767 4.80045 4.80045 1 1 0
11.9967 4.80186 4.80186 1 1 0
12.0166 4.80327 4.80327 1 1 0
12.0366 4.80468 4.80468 1 1 0
12.0565 4.80608 4.80608 1 1 0
12.0765 4.80749 4.80749 1 1 0
12.0964 4.80889 4.80889 1 1 0
12.1164 4.81029 4.81029 1 1 0
12.1363 4.81168 4.81168 1 1 0
12.1563 4.81308 4.81308 1 1 0
12.1763 4.81447 4.81447 1 1 0
12.1962 4.81586 4.81586 1 1 0
12.2162 4.81725 4.81725 1 1 0
12.2361 4.81863 4.81863 1 1 0
12.2561 4.82001 4.82001 1 1 0
12.276 4.8214 4.8214 1 1 0
12.296 4.82277 4.82277 1 1 0
12.3159 4.82415 4.82415 1 1 0
12.3359 4.82552 4.82552 1 1 0
12.3558 4.8269 4.8269 1 1 0
12.3758 4.82827 4.82827 1 1 0
12.3957 4.82963 4.82963 1 1 0
12.4157 4.831 4.831 1 1 0
12.4356 4.83236 4.83236 1 1 0
12.4556 4.83372 4.83372 1 1 0
12.4755 4.83508 4.83508 1 1 0
12.4955 4.83644 4.83644 1 1 0
12.5155 4.83779 4.83779 1 1 0
12.5354 4.83914 4.83914 1 1 0
12.5554 4.84049 4.84049 1 1 0
12.5753 4.84184 4.84184 1 1 0
12.5953 4.84319 4.84319 1 1 0
12.6152 4.84453 4.84453 1 1 0
12.6352 4.84587 4.84587 1 1 0
12.6551 4.84721 4.84721 1 1 0
12.6751 4.84855 4.84855 1 1 0
12.695 4.84989 4.84989 1 1 0
12.715 4.85122 4.85122 1 1 0
12.735 4.85255 4.85255 1 1 0
12.7549 4.85388 4.85388 1 1 0
12.7749 4.85521 4.85521 1 1 0
12.7948 4.85653 4.85653 1 1 0
12.8148 4.85786 4.85786 1 1 0
12.8347 4.85918 4.85918 1 1 0
12.8547 4.8605 4.8605 1 1 0
12.8746 4.86181 4.86181 1 1 0
12.8946 4.86313 4.86313 1 1 0
12.9146 4.86444 4.86444 1 1 0
12.9345 4.86575 4.86575 1 1 0
8.9469 4.55305 4.55305 2 1 0
8.98672 4.55681 4.55681 1 1 0
9.00663 4.55869 4.55869 1 1 0
9.02654 4.56056 4.56056 1 1 0
9.04646 4.56243 4.56243 1 1 0
9.06637 4.5643 4.5643 1 1 0
9.08628 4.56616 4.56616 1 1 0
9.1062 4.56801 4.56801 1 1 0
9.12611 4.56987 4.56987 1 1 0
9.14603 4.57171 4.57171 1 1 0
9.16594 4.57356 4.57356 1 1 0
9.18586 4.5754 4.5754 1 1 0
9.20577 4.57724 4.57724 1 1 0
9.22569 4.57907 4.57907 1 1 0
9.2456 4.5809 4.5809 1 1 0
9.26552 4.58272 4.58272 1 1 0
9.28544 4.58454 4.58454 1 1 0
9.30535 4.58636 4.58636 1 1 0
9.32527 4.58817 4.58817 1 1 0
9.34519 4.58998 4.58998 1 1 0
9.36511 4.59179 4.59179 1 1 0
9.38503 4.59359 4.59359 1 1 0
9.40495 4.59539 4.59539 1 1 0
9.42486 4.59718 4.59718 1 1 0
9.44478 4.59897 4.59897 1 1 0
9.4647 4.60076 4.60076 1 1 0
9.48462 4.60254 4.60254 1 1 0
9.50455 4.60432 4.60432 1 1 0
9.52447 4.6061 4.6061 1 1 0
9.54439 4.60787 4.60787 1 1 0
9.56431 4.60964 4.60964 1 1 0
9.58423 4.6114 4.6114 1 1 0
9.60415 4.61317 4.61317 1 1 0
9.62408 4.61492 4.61492 1 1 0
9.644 4.61668 4.61668 1 1 0
9.66392 4.61843 4.61843 1 1 0
9.68385 4.62017 4.62017 1 1 0
9.70377 4.62192 4.62192 1 1 0
9.72369 4.62366 4.62366 1 1 0
9.74362 4.62539 4.62539 1 1 0
9.76354 4.62713 4.62713 1 1 0
9.78347 4.62885 4.62885 1 1 0
9.80339 4.63058 4.63058 1 1 0
9.82332 4.6323 4.6323 1 1 0
9.84325 4.63402 4.63402 1 1 0
9.86317 4.63574 4.63574 1 1 0
9.8831 4.63745 4.63745 1 1 0
9.90303 4.63916 4.63916 1 1 0
9.92295 4.64086 4.64086 1 1 0
9.94288 4.64256 4.64256 1 1 0
9.96281 4.64426 4.64426 1 1 0
9.98274 4.64596 4.64596 1 1 0
10.0027 4.64765 4.64765 1 1 0
10.0226 4.64933 4.64933 1 1 0
10.0425 4.65102 4.65102 1 1 0
10.0625 4.6527 4.6527 1 1 0
10.0824 4.65438 4.65438 1 1 0
10.1023 4.65605 4.65605 1 1 0
10.1222 4.65773 4.65773 1 1 0
10.1422 4.65939 4.65939 1 1 0
10.1621 4.66106 4.66106 1 1 0
10.182 4.66272 4.66272 1 1 0
10.202 4.66438 4.66438 1 1 0
10.2219 4.66604 4.66604 1 1 0
10.2418 4.66769 4.66769 1 1 0
10.2618 4.66934 4.66934 1 1 0
10.2817 4.67098 4.67098 1 1 0
10.3016 4.67262 4.67262 1 1 0
10.3216 4.67426 4.67426 1 1 0
10.3415 4.6759 4.6759 1 1 0
10.3614 4.67753 4.67753 1 1 0
10.3814 4.67916 4.67916 1 1 0
10.4013 4.68079 4.68079 1 1 0
10.4212 4.68242 4.68242 1 1 0
10.4412 4.68404 4.68404 1 1 0
10.4611 4.68565 4.68565 1 1 0
10.481 4.68727 4.68727 1 1 0
10.501 4.68888 4.68888 1 1 0
10.5209 4.69049 4.69049 1 1 0
10.5408 4.6921 4.6921 1 1 0
10.5608 4.6937 4.6937 1 1 0
10.5807 4.6953 4.6953 1 1 0
10.6006 4.69689 4.69689 1 1 0
10.6206 4.69849 4.69849 1 1 0
10.6405 4.70008 4.70008 1 1 0
10.6604 4.70167 4.70167 1 1 0
10.6804 4.70325 4.70325 1 1 0
10.7003 4.70483 4.70483 1 1 0
10.7203 4.70641 4.70641 1 1 0
10.7402 4.70799 4.70799 1 1 0
10.7601 4.70956 4.70956 1 1 0
10.7801 4.71113 4.71113 1 1 0
10.8 4.7127 4.7127 1 1 0
10.82 4.71427 4.71427 1 1 0
10.8399 4.71583 4.71583 1 1 0
10.8598 4.71739 4.71739 1 1 0
10.8798 4.71894 4.71894 1 1 0
10.8997 4.7205 4.7205 1 1 0
10.9196 4.72205 4.72205 1 1 0
10.9396 4.72359 4.72359 1 1 0
10.9595 4.72514 4.72514 1 1 0
10.9795 4.72668 4.72668 1 1 0
10.9994 4.72822 4.72822 1 1 0
11.0194 4.72976 4.72976 1 1 0
11.0393 4.73129 4.73129 1 1 0
11.0592 4.73282 4.73282 1 1 0
11.0792 4.73435 4.73435 1 1 0
11.0991 4.73588 4.73588 1 1 0
11.1191 4.7374 4.7374 1 1 0
11.139 4.73892 4.73892 1 1 0
11.1589 4.74044 4.74044 1 1 0
11.1789 4.74195 4.74195 1 1 0
11.1988 4.74346 4.74346 1 1 0
11.2188 4.74497 4.74497 1 1 0
11.2387 4.74648 4.74648 1 1 0
11.2587 4.74798 4.74798 1 1 0
11.2786 4.74949 4.74949 1 1 0
11.2985 4.75098 4.75098 1 1 0
11.3185 4.75248 4.75248 1 1 0
11.3384 4.75397 4.75397 1 1 0
11.3584 4.75547 4.75547 1 1 0
11.3783 4.75695 4.75695 1 1 0
11.3983 4.75844 4.75844 1 1 0
11.4182 4.75992 4.75992 1 1 0
11.4382 4.7614 4.7614 1 1 0
11.4581 4.76288 4.76288 1 1 0
11.478 4.76436 4.76436 1 1 0
11.498 4.76583 4.76583 1 1 0
11.5179 4.7673 4.7673 1 1 0
11.5379 4.76877 4.76877 1 1 0
11.5578 4.77024 4.77024 1 1 0
11.5778 4.7717 4.7717 1 1 0
11.5977 4.77316 4.77316 1 1 0
11.6177 4.77462 4.77462 1 1 0
11.6376 4.77607 4.77607 1 1 0
11.6576 4.77753 4.77753 1 1 0
11.6775 4.77898 4.77898 1 1 0
11.6975 4.78043 4.78043 1 1 0
11.7174 4.78187 4.78187 1 1 0
11.7374 4.78332 4.78332 1 1 0
11.7573 4.78476 4.78476 1 1 0
11.7773 4.78619 4.78619 1 1 0
11.7972 4.78763 4.78763 1 1 0
11.8171 4.78906 4.78906 1 1 0
11.8371 4.7905 4.7905 1 1 0
11.857 4.79192 4.79192 1 1 0
11.877 4.79335 4.79335 1 1 0
11.8969 4.79478 4.79478 1 1 0
11.9169 4.7962 4.7962 1 1 0
11.9368 4.79762 4.79762 1 1 0
11.9568 4.79903 4.79903 1 1 0
11.9767 4.80045 4.80045 1 1 0
11.9967 4.80186 4.80186 1 1 0
12.0166 4.80327 4.80327 1 1 0
12.0366 4.80468 4.80468 1 1 0
12.0565 4.80608 4.80608 1 1 0
12.0765 4.80749 4.80749 1 1 0
12.0964 4.80889 4.80889 1 1 0
12.1164 4.81029 4.81029 1 1 0
12.1363 4.81168 4.81168 1 1 0
12.1563 4.81308 4.81308 1 1 0
12.1763 4.81447 4.81447 1 1 0
12.1962 4.81586 4.81586 1 1 0
12.2162 4.81725 4.81725 1 1 0
12.2361 4.81863 4.81863 1 1 0
12.2561 4.82001 4.82001 1 1 0
12.276 4.8214 4.8214 1 1 0
12.296 4.82277 4.82277 1 1 0
12.3159 4.82415 4.82415 1 1 0
12.3359 4.82552 4.82552 1 1 0
12.3558 4.8269 4.8269 1 1 0
12.3758 4.82827 4.82827 1 1 0
12.3957 4.82963 4.82963 1 1 0
12.4157 4.831 4.831 1 1 0
12.4356 4.83236 4.83236 1 1 0
12.4556 4.83372 4.83372 1 1 0
12.4755 4.83508 4.83508 1 1 0
12.4955 4.83644 4.83644 1 1 0
12.5155 4.83779 4.83779 1 1 0
12.5354 4.83914 4.83914 1 1 0
12.5554 4.84049 4.84049 1 1 0
12.5753 4.84184 4.84184 1 1 0
12.5953 4.84319 4.84319 1 1 0
12.6152 4.84453 4.84453 1 1 0
12.6352 4.84587 4.84587 1 1 0
12.6551 4.84721 4.84721 1 1 0
12.6751 4.84855 4.84855 1 1 0
12.695 4.84989 4.84989 1 1 0
12.715 4.85122 4.85122 1 1 0
12.735 4.85255 4.85255 1 1 0
12.7549 4.85388 4.85388 1 1 0
12.7749 4.85521 4.85521 1 1 0
12.7948 4.85653 4.85653 1 1 0
12.8148 4.85786 4.85786 1 1 0
12.8347 4.85918 4.85918 1 1 0
12.8547 4.8605 4.8605 1 1 0
12.8746 4.86181 4.86181 1 1 0
12.8946 4.86313 4.86313 1 1 0
12.9146 4.86444 4.86444 1 1 0
12.9345 4.86575 4.86575 1 1 0
17.3099 6.37156 4.29625 4 11 0
17.3297 6.37615 4.29568 3 11 0
17.3495 6.38072 4.29513 3 11 0
17.3693 6.38526 4.29448 3 11 0
17.3892 6.38981 4.29392 3 11 0
17.409 6.39436 4.29337 3 11 0
17.4288 6.39893 4.29255 3 11 0
17.4486 6.40346 4.29201 3 11 0
17.4685 6.40798 4.29147 3 11 0
17.4883 6.41248 4.2907 3 11 0
17.5081 6.41698 4.29018 3 11 0
17.5279 6.42148 4.28966 3 11 0
17.5478 6.42596 4.28902 3 11 0
17.5676 6.43044 4.28851 3 11 0
17.5874 6.43491 4.288 3 11 0
17.6072 6.43935 4.28745 3 11 0
17.6271 6.4438 4.28695 3 11 0
17.6469 6.44824 4.28646 3 11 0
17.6667 6.45267 4.28595 3 11 0
17.6866 6.45709 4.28547 3 11 0
17.7064 6.46151 4.28499 3 11 0
17.7262 6.46591 4.28451 3 11 0
17.7461 6.47031 4.28404 3 11 0
17.7659 6.4747 4.28358 3 11 0
17.7857 6.47907 4.28312 3 11 0
17.8056 6.48345 4.28266 3 11 0
17.8254 6.48782 4.28221 3 11 0
17.8452 6.49216 4.28176 3 11 0
17.8651 6.49652 4.28132 3 11 0
17.8849 6.50086 4.28088 3 11 0
17.9047 6.50519 4.28044 3 11 0
17.9246 6.50952 4.28001 3 11 0
17.9444 6.51384 4.27958 3 11 0
17.9642 6.51814 4.27917 3 11 0
17.9841 6.52244 4.27875 3 11 0
18.0039 6.52674 4.27833 3 11 0
18.0238 6.53102 4.27792 3 11 0
18.0436 6.5353 4.27752 3 11 0
18.0634 6.53958 4.27711 3 11 0
18.0833 6.54383 4.27672 3 11 0
18.1031 6.54809 4.27632 3 11 0
18.123 6.55235 4.27593 3 11 0
18.1428 6.55658 4.27555 3 11 0
18.1627 6.56082 4.27516 3 11 0
18.1825 6.56505 4.27478 3 11 0
18.2023 6.56926 4.27441 3 11 0
18.2222 6.57347 4.27403 3 11 0
18.242 6.57769 4.27366 3 11 0
18.2619 6.58187 4.2733 3 11 0
18.2817 6.58607 4.27294 3 11 0
18.3016 6.59026 4.27258 3 11 0
18.3214 6.59442 4.27223 3 11 0
18.3413 6.5986 4.27188 3 11 0
18.3611 6.60277 4.27153 3 11 0
18.381 6.60691 4.27119 3 11 0
18.4008 6.61106 4.27084 3 11 0
18.4207 6.61521 4.2705 3 11 0
18.4405 6.61933 4.27017 3 11 0
18.4604 6.62347 4.26984 3 11 0
18.4802 6.6276 4.26951 3 11 0
18.5001 6.6317 4.26919 3 11 0
18.5199 6.63581 4.26887 3 11 0
18.5398 6.63992 4.26855 3 11 0
18.5596 6.644 4.26824 3 11 0
18.5795 6.6481 4.26792 3 11 0
18.5993 6.65218 4.26761 3 11 0
18.6192 6.65625 4.26731 3 11 0
18.639 6.66032 4.26701 3 11 0
18.6589 6.66439 4.26671 3 11 0
18.6787 6.66843 4.26641 3 11 0
18.6986 6.67249 4.26612 3 11 0
18.7185 6.67653 4.26583 3 11 0
18.7383 6.68056 4.26554 3 11 0
18.7582 6.68459 4.26526 3 11 0
18.778 6.68862 4.26497 3 11 0
18.7979 6.69263 4.2647 3 11 0
18.8177 6.69664 4.26442 3 11 0
18.8376 6.70066 4.26414 3 11 0
18.8575 6.70464 4.26388 3 11 0
18.8773 6.70864 4.26361 3 11 0
18.8972 6.71263 4.26334 3 11 0
18.917 6.7166 4.26309 3 11 0
18.9369 6.72058 4.26282 3 11 0
18.9568 6.72455 4.26256 3 11 0
18.9766 6.7285 4.26232 3 11 0
18.9965 6.73246 4.26206 3 11 0
19.0163 6.73642 4.26181 3 11 0
19.0362 6.74035 4.26157 3 11 0
19.0561 6.74429 4.26132 3 11 0
19.0759 6.74823 4.26108 3 11 0
19.0958 6.75214 4.26085 3 11 0
19.1157 6.75607 4.26061 3 11 0
19.1355 6.75999 4.26037 3 11 0
19.1554 6.76388 4.26015 3 11 0
19.1753 6.76779 4.25992 3 11 0
19.1951 6.7717 4.25969 3 11 0
19.215 6.77557 4.25947 3 11 0
19.2349 6.77947 4.25925 3 11 0
19.2547 6.78335 4.25903 3 11 0
19.2746 6.78721 4.25882 3 11 0
19.2945 6.79109 4.2586 3 11 0
19.3143 6.79496 4.25839 3 11 0
19.3342 6.7988 4.25818 3 11 0
19.3541 6.80266 4.25797 3 11 0
19.3739 6.80651 4.25777 3 11 0
19.3938 6.81033 4.25757 3 11 0
19.4137 6.81418 4.25737 3 11 0
19.4335 6.81801 4.25717 3 11 0
19.4534 6.82182 4.25698 3 11 0
19.4733 6.82565 4.25678 3 11 0
19.4931 6.82947 4.25659 3 11 0
19.513 6.83326 4.2564 3 11 0
19.5329 6.83707 4.25622 3 11 0
19.5528 6.84087 4.25603 3 11 0
19.5726 6.84465 4.25585 3 11 0
19.5925 6.84844 4.25567 3 11 0
19.6124 6.85223 4.25549 3 11 0
19.6322 6.85599 4.25532 3 11 0
19.6521 6.85976 4.25514 3 11 0
19.672 6.86354 4.25497 3 11 0
19.6919 6.86728 4.2548 3 11 0
19.7117 6.87104 4.25463 3 11 0
19.7316 6.8748 4.25447 3 11 0
19.7515 6.87852 4.25431 3 11 0
19.7714 6.88227 4.25414 3 11 0
19.7912 6.88601 4.25398 3 11 0
19.8111 6.88972 4.25383 3 11 0
19.831 6.89345 4.25367 3 11 0
19.8509 6.89718 4.25352 3 11 0
19.8707 6.90088 4.25337 3 11 0
19.8906 6.90459 4.25322 3 11 0
19.9105 6.9083 4.25307 3 11 0
19.9304 6.91198 4.25292 3 11 0
19.9502 6.91568 4.25278 3 11 0
19.9701 6.91938 4.25263 3 11 0
19.99 6.92304 4.2525 3 11 0
20.0099 6.92673 4.25236 3 11 0
20.0298 6.93041 4.25222 3 11 0
20.0496 6.93406 4.25209 3 11 0
20.0695 6.93773 4.25195 3 11 0
20.0894 6.9414 4.25182 3 11 0
20.1093 6.94503 4.25169 3 11 0
20.1292 6.94869 4.25156 3 11 0
20.149 6.95234 4.25143 3 11 0
20.1689 6.95596 4.25131 3 11 0
20.1888 6.9596 4.25118 3 11 0
20.2087 6.96324 4.25106 3 11 0
20.2286 6.96685 4.25094 3 11 0
20.2484 6.97047 4.25082 3 11 0
20.2683 6.9741 4.2507 3 11 0
20.2882 6.97769 4.25059 3 11 0
20.3081 6.9813 4.25047 3 11 0
20.328 6.98491 4.25036 3 11 0
20.3479 6.98848 4.25025 3 11 0
20.3677 6.99208 4.25014 3 11 0
20.3876 6.99568 4.25003 3 11 0
20.4075 6.99923 4.24991 3 11 0
20.4274 7.00282 4.24981 3 11 0
20.4473 7.0064 4.2497 3 11 0
20.4672 7.00993 4.24957 3 11 0
20.4871 7.0135 4.24947 3 11 0
20.5069 7.01707 4.24937 3 11 0
20.5268 7.0206 4.24927 3 11 0
20.5467 7.02416 4.24917 3 11 0
20.5666 7.02771 4.24908 3 11 0
20.5865 7.03127 4.2491 3 11 0
20.6064 7.03481 4.24901 3 11 0
20.6263 7.03835 4.24892 3 11 0
20.6461 7.04188 4.24888 3 11 0
20.666 7.04541 4.24879 3 11 0
20.6859 7.04894 4.24871 3 11 0
20.7058 7.05246 4.2487 3 11 0
20.7257 7.05598 4.24862 3 11 0
20.7456 7.0595 4.24854 3 11 0
20.7655 7.06299 4.2485 3 11 0
20.7854 7.0665 4.24842 3 11 0
20.8052 7.07 4.24835 3 11 0
20.8251 7.07348 4.24832 3 11 0
20.845 7.07698 4.24824 3 11 0
20.8649 7.08047 4.24817 3 11 0
20.8848 7.08393 4.24814 3 11 0
20.9047 7.08741 4.24807 3 11 0
20.9246 7.09089 4.248 3 11 0
20.9445 7.09434 4.24798 3 11 0
20.9644 7.09781 4.24791 3 11 0
20.9843 7.10127 4.24785 3 11 0
21.0042 7.10471 4.24783 3 11 0
21.024 7.10817 4.24777 3 11 0
21.0439 7.11162 4.24771 3 11 0
21.0638 7.11504 4.2477 3 11 0
21.0837 7.11849 4.24764 3 11 0
21.1036 7.12193 4.24758 3 11 0
21.1235 7.12533 4.24758 3 11 0
21.1434 7.12877 4.24753 3 11 0
21.1633 7.13219 4.24747 3 11 0
21.1832 7.13559 4.24748 3 11 0
21.2031 7.13901 4.24743 3 11 0
21.223 7.14242 4.24738 3 11 0
21.2429 7.1458 4.2474 3 11 0
21.2628 7.14921 4.24735 3 11 0
15.9142 5.0419 5.0419 2 1 0
15.9542 5.04403 5.04403 2 1 0
15.9741 5.04509 5.04509 2 1 0
15.9941 5.04616 5.04616 2 1 0
16.0141 5.04722 5.04722 2 1 0
16.034 5.04828 5.04828 2 1 0
16.054 5.04934 5.04934 2 1 0
16.074 5.05039 5.05039 2 1 0
16.094 5.05145 5.05145 2 1 0
16.1139 5.0525 5.0525 2 1 0
16.1339 5.05356 5.05356 2 1 0
16.1539 5.05461 5.05461 2 1 0
16.1739 5.05566 5.05566 2 1 0
16.1938 5.05671 5.05671 2 1 0
16.2138 5.05776 5.05776 2 1 0
16.2338 5.05881 5.05881 2 1 0
16.2537 5.05985 5.05985 2 1 0
16.2737 5.0609 5.0609 2 1 0
16.2937 5.06194 5.06194 2 1 0
16.3137 5.06298 5.06298 2 1 0
16.3336 5.06402 5.06402 2 1 0
16.3536 5.06506 5.06506 2 1 0
16.3736 5.0661 5.0661 2 1 0
16.3936 5.06714 5.06714 2 1 0
16.4135 5.06817 5.06817 2 1 0
16.4335 5.06921 5.06921 2 1 0
16.4535 5.07024 5.07024 2 1 0
16.4734 5.07127 5.07127 2 1 0
16.4934 5.0723 5.0723 2 1 0
16.5134 5.07333 5.07333 2 1 0
16.5334 5.07436 5.07436 2 1 0
16.5533 5.07539 5.07539 2 1 0
16.5733 5.07641 5.07641 2 1 0
16.5933 5.07744 5.07744 2 1 0
16.6133 5.07846 5.07846 2 1 0
16.6332 5.07948 5.07948 2 1 0
16.6532 5.08051 5.08051 2 1 0
16.6732 5.08152 5.08152 2 1 0
16.6932 5.08254 5.08254 2 1 0
16.7131 5.08356 5.08356 2 1 0
16.7331 5.08458 5.08458 2 1 0
16.7531 5.08559 5.08559 2 1 0
16.7731 5.08661 5.08661 2 1 0
16.793 5.08762 5.08762 2 1 0
16.813 5.08863 5.08863 2 1 0
16.833 5.08964 5.08964 2 1 0
16.853 5.09065 5.09065 2 1 0
16.8729 5.09166 5.09166 2 1 0
16.8929 5.09266 5.09266 2 1 0
16.9129 5.09367 5.09367 2 1 0
16.9329 5.09467 5.09467 2 1 0
16.9528 5.09568 5.09568 2 1 0
16.9728 5.09668 5.09668 2 1 0
16.9928 5.09768 5.09768 2 1 0
17.0128 5.09868 5.09868 2 1 0
17.0327 5.09968 5.09968 2 1 0
17.0527 5.10067 5.10067 2 1 0
17.0727 5.10167 5.10167 2 1 0
17.0927 5.10267 5.10267 2 1 0
17.1126 5.10366 5.10366 2 1 0
17.1326 5.10465 5.10465 2 1 0
17.1526 5.10564 5.10564 2 1 0
17.1726 5.10663 5.10663 2 1 0
17.1925 5.10762 5.10762 2 1 0
17.2125 5.10861 5.10861 2 1 0
17.2325 5.1096 5.1096 2 1 0
17.2525 5.11058 5.11058 2 1 0
17.2724 5.11157 5.11157 2 1 0
17.2924 5.11255 5.11255 2 1 0
17.3124 5.11354 5.11354 2 1 0
17.3324 5.11452 5.11452 2 1 0
17.3523 5.1155 5.1155 2 1 0
17.3723 5.11648 5.11648 2 1 0
17.3923 5.11745 5.11745 2 1 0
17.4123 5.11843 5.11843 2 1 0
17.4322 5.11941 5.11941 2 1 0
17.4522 5.12038 5.12038 2 1 0
17.4722 5.12136 5.12136 2 1 0
17.4922 5.12233 5.12233 2 1 0
17.5121 5.1233 5.1233 2 1 0
17.5321 5.12427 5.12427 2 1 0
17.5521 5.12524 5.12524 2 1 0
17.5721 5.12621 5.12621 2 1 0
17.5921 5.12717 5.12717 2 1 0
17.612 5.12814 5.12814 2 1 0
17.632 5.12911 5.12911 2 1 0
17.652 5.13007 5.13007 2 1 0
17.672 5.13103 5.13103 2 1 0
17.6919 5.13199 5.13199 2 1 0
17.7119 5.13295 5.13295 2 1 0
17.7319 5.13391 5.13391 2 1 0
17.7519 5.13487 5.13487 2 1 0
17.7718 5.13583 5.13583 2 1 0
17.7918 5.13679 5.13679 2 1 0
17.8118 5.13774 5.13774 2 1 0
17.8318 5.1387 5.1387 2 1 0
17.8518 5.13965 5.13965 2 1 0
17.8717 5.1406 5.1406 2 1 0
17.8917 5.14155 5.14155 2 1 0
17.9117 5.1425 5.1425 2 1 0
17.9317 5.14345 5.14345 2 1 0
17.9516 5.1444 5.1444 2 1 0
17.9716 5.14535 5.14535 2 1 0
17.9916 5.14629 5.14629 2 1 0
18.0116 5.14724 5.14724 2 1 0
18.0316 5.14818 5.14818 2 1 0
18.0515 5.14912 5.14912 2 1 0
18.0715 5.15007 5.15007 2 1 0
18.0915 5.15101 5.15101 2 1 0
18.1115 5.15195 5.15195 2 1 0
18.1314 5.15288 5.15288 2 1 0
18.1514 5.15382 5.15382 2 1 0
18.1714 5.15476 5.15476 2 1 0
18.1914 5.15569 5.15569 2 1 0
18.2114 5.15663 5.15663 2 1 0
18.2313 5.15756 5.15756 2 1 0
18.2513 5.15849 5.15849 2 1 0
18.2713 5.15943 5.15943 2 1 0
18.2913 5.16036 5.16036 2 1 0
18.3112 5.16129 5.16129 2 1 0
18.3312 5.16221 5.16221 2 1 0
18.3512 5.16314 5.16314 2 1 0
18.3712 5.16407 5.16407 2 1 0
18.3912 5.16499 5.16499 2 1 0
18.4111 5.16592 5.16592 2 1 0
18.4311 5.16684 5.16684 2 1 0
18.4511 5.16777 5.16777 2 1 0
18.4711 5.16869 5.16869 2 1 0
18.4911 5.16961 5.16961 2 1 0
18.511 5.17053 5.17053 2 1 0
18.531 5.17145 5.17145 2 1 0
18.551 5.17236 5.17236 2 1 0
18.571 5.17328 5.17328 2 1 0
18.5909 5.1742 5.1742 2 1 0
18.6109 5.17511 5.17511 2 1 0
18.6309 5.17602 5.17602 2 1 0
18.6509 5.17694 5.17694 2 1 0
18.6709 5.17785 5.17785 2 1 0
18.6908 5.17876 5.17876 2 1 0
18.7108 5.17967 5.17967 2 1 0
18.7308 5.18058 5.18058 2 1 0
18.7508 5.18149 5.18149 2 1 0
18.7708 5.18239 5.18239 2 1 0
18.7907 5.1833 5.1833 2 1 0
18.8107 5.18421 5.18421 2 1 0
18.8307 5.18511 5.18511 2 1 0
18.8507 5.18601 5.18601 2 1 0
18.8707 5.18691 5.18691 2 1 0
18.8906 5.18782 5.18782 2 1 0
18.9106 5.18872 5.18872 2 1 0
18.9306 5.18962 5.18962 2 1 0
18.9506 5.19051 5.19051 2 1 0
18.9706 5.19141 5.19141 2 1 0
18.9905 5.19231 5.19231 2 1 0
19.0105 5.1932 5.1932 2 1 0
19.0305 5.1941 5.1941 2 1 0
19.0505 5.19499 5.19499 2 1 0
19.0705 5.19589 5.19589 2 1 0
19.0904 5.19678 5.19678 2 1 0
19.1104 5.19767 5.19767 2 1 0
19.1304 5.19856 5.19856 2 1 0
19.1504 5.19945 5.19945 2 1 0
19.1704 5.20034 5.20034 2 1 0
19.1903 5.20123 5.20123 2 1 0
19.2103 5.20211 5.20211 2 1 0
19.2303 5.203 5.203 2 1 0
19.2503 5.20388 5.20388 2 1 0
19.2703 5.20477 5.20477 2 1 0
19.2902 5.20565 5.20565 2 1 0
19.3102 5.20653 5.20653 2 1 0
19.3302 5.20741 5.20741 2 1 0
19.3502 5.20829 5.20829 2 1 0
19.3702 5.20917 5.20917 2 1 0
19.3901 5.21005 5.21005 2 1 0
19.4101 5.21093 5.21093 2 1 0
19.4301 5.2118 5.2118 2 1 0
19.4501 5.21268 5.21268 2 1 0
19.4701 5.21355 5.21355 2 1 0
19.49 5.21443 5.21443 2 1 0
19.51 5.2153 5.2153 2 1 0
19.53 5.21617 5.21617 2 1 0
19.55 5.21705 5.21705 2 1 0
19.57 5.21792 5.21792 2 1 0
19.59 5.21879 5.21879 2 1 0
19.6099 5.21965 5.21965 2 1 0
19.6299 5.22052 5.22052 2 1 0
19.6499 5.22139 5.22139 2 1 0
19.6699 5.22225 5.22225 2 1 0
19.6899 5.22312 5.22312 2 1 0
19.7098 5.22398 5.22398 2 1 0
19.7298 5.22485 5.22485 2 1 0
19.7498 5.22571 5.22571 2 1 0
19.7698 5.22657 5.22657 2 1 0
19.7898 5.22743 5.22743 2 1 0
19.8097 5.22829 5.22829 2 1 0
19.8297 5.22915 5.22915 2 1 0
19.8497 5.23001 5.23001 2 1 0
19.8697 5.23087 5.23087 2 1 0
19.8897 5.23173 5.23173 2 1 0
19.9097 5.23258 5.23258 2 1 0
4 3.85997 3.85997 2 1 0
3.96088 3.8593 3.8593 1 1 0
3.94134 3.85505 3.85505 1 1 0
3.9218 3.85078 3.85078 1 1 0
3.90226 3.84649 3.84649 1 1 0
3.88273 3.84218 3.84218 1 1 0
3.86321 3.83785 3.83785 1 1 0
3.84369 3.83349 3.83349 1 1 0
3.82417 3.82912 3.82912 1 1 0
3.80466 3.82472 3.82472 1 1 0
3.78516 3.8203 3.8203 1 1 0
3.76566 3.81586 3.81586 1 1 0
3.74616 3.81139 3.81139 1 1 0
3.72667 3.8069 3.8069 1 1 0
3.70719 3.80239 3.80239 1 1 0
3.68771 3.79785 3.79785 1 1 0
3.66823 3.7933 3.7933 1 1 0
3.64877 3.78871 3.78871 1 1 0
3.6293 3.78411 3.78411 1 1 0
3.60985 3.77947 3.77947 1 1 0
3.5904 3.77482 3.77482 1 1 0
3.57095 3.77014 3.77014 1 1 0
3.55152 3.76543 3.76543 1 1 0
3.53208 3.7607 3.7607 1 1 0
3.51266 3.75594 3.75594 1 1 0
3.49324 3.75116 3.75116 1 1 0
3.47382 3.74635 3.74635 1 1 0
3.45442 3.74151 3.74151 1 1 0
3.43502 3.73665 3.73665 1 1 0
3.41563 3.73176 3.73176 1 1 0
3.39624 3.72684 3.72684 1 1 0
3.37686 3.7219 3.7219 1 1 0
3.35749 3.71692 3.71692 1 1 0
3.33812 3.71192 3.71192 1 1 0
3.31877 3.70689 3.70689 1 1 0
3.29942 3.70183 3.70183 1 1 0
3.28008 3.69674 3.69674 1 1 0
3.26074 3.69163 3.69163 1 1 0
3.24141 3.68648 3.68648 1 1 0
3.2221 3.6813 3.6813 1 1 0
3.20279 3.67609 3.67609 1 1 0
3.18348 3.67085 3.67085 1 1 0
3.16419 3.66558 3.66558 1 1 0
3.14491 3.66028 3.66028 1 1 0
3.12563 3.65495 3.65495 1 1 0
3.10636 3.64958 3.64958 1 1 0
3.08711 3.64418 3.64418 1 1 0
3.06786 3.63875 3.63875 1 1 0
3.04862 3.63329 3.63329 1 1 0
3.02939 3.62779 3.62779 1 1 0
3.01017 3.62226 3.62226 1 1 0
2.99096 3.61669 3.61669 1 1 0
2.97176 3.61109 3.61109 1 1 0
2.95257 3.60545 3.60545 1 1 0
2.9334 3.59977 3.59977 1 1 0
2.91423 3.59406 3.59406 1 1 0
2.89507 3.58832 3.58832 1 1 0
2.87593 3.58253 3.58253 1 1 0
2.85679 3.57671 3.57671 1 1 0
2.83767 3.57085 3.57085 1 1 0
2.81856 3.56495 3.56495 1 1 0
2.79946 3.55902 3.55902 1 1 0
2.78037 3.55304 3.55304 1 1 0
2.7613 3.54702 3.54702 1 1 0
2.74224 3.54097 3.54097 1 1 0
2.72319 3.53487 3.53487 1 1 0
2.70416 3.52873 3.52873 1 1 0
2.68514 3.52255 3.52255 1 1 0
2.66613 3.51633 3.51633 1 1 0
2.64714 3.51006 3.51006 1 1 0
2.62816 3.50375 3.50375 1 1 0
2.60919 3.4974 3.4974 1 1 0
2.59024 3.491 3.491 1 1 0
2.57131 3.48455 3.48455 1 1 0
2.55239 3.47806 3.47806 1 1 0
2.53349 3.47153 3.47153 1 1 0
2.51461 3.46495 3.46495 1 1 0
2.49574 3.45832 3.45832 1 1 0
2.47688 3.45164 3.45164 1 1 0
2.45805 3.44491 3.44491 1 1 0
2.43923 3.43813 3.43813 1 1 0
2.42043 3.4313 3.4313 1 1 0
2.40165 3.42443 3.42443 1 1 0
2.38289 3.4175 3.4175 1 1 0
2.36415 3.41051 3.41051 1 1 0
2.34543 3.40348 3.40348 1 1 0
2.32673 3.39639 3.39639 1 1 0
2.30805 3.38925 3.38925 1 1 0
2.28939 3.38205 3.38205 1 1 0
2.27075 3.3748 3.3748 1 1 0
2.25213 3.36749 3.36749 1 1 0
2.23354 3.36012 3.36012 1 1 0
2.21497 3.3527 3.3527 1 1 0
2.19642 3.34521 3.34521 1 1 0
2.1779 3.33767 3.33767 1 1 0
2.1594 3.33007 3.33007 1 1 0
2.14093 3.3224 3.3224 1 1 0
2.12248 3.31467 3.31467 1 1 0
2.10406 3.30688 3.30688 1 1 0
2.08566 3.29903 3.29903 1 1 0
2.0673 3.29111 3.29111 1 1 0
2.04896 3.28313 3.28313 1 1 0
2.03065 3.27507 3.27507 1 1 0
2.01238 3.26696 3.26696 1 1 0
1.99413 3.25877 3.25877 1 1 0
1.97591 3.25051 3.25051 1 1 0
1.95773 3.24219 3.24219 1 1 0
1.93958 3.23379 3.23379 1 1 0
1.92146 3.22532 3.22532 1 1 0
1.90337 3.21677 3.21677 1 1 0
1.88533 3.20816 3.20816 1 1 0
1.86731 3.19946 3.19946 1 1 0
1.84934 3.19069 3.19069 1 1 0
1.8314 3.18185 3.18185 1 1 0
1.8135 3.17292 3.17292 1 1 0
1.79565 3.16391 3.16391 1 1 0
1.77783 3.15483 3.15483 1 1 0
1.76005 3.14566 3.14566 1 1 0
1.74232 3.13641 3.13641 1 1 0
1.72463 3.12707 3.12707 1 1 0
1.70699 3.11765 3.11765 1 1 0
1.68939 3.10815 3.10815 1 1 0
1.67185 3.09855 3.09855 1 1 0
1.65435 3.08887 3.08887 1 1 0
1.6369 3.0791 3.0791 1 1 0
1.6195 3.06923 3.06923 1 1 0
1.60215 3.05928 3.05928 1 1 0
1.58486 3.04923 3.04923 1 1 0
1.56762 3.03908 3.03908 1 1 0
1.55044 3.02884 3.02884 1 1 0
1.53332 3.01851 3.01851 1 1 0
1.51626 3.00807 3.00807 1 1 0
1.49926 2.99753 2.99753 1 1 0
1.48232 2.9869 2.9869 1 1 0
1.46545 2.97616 2.97616 1 1 0
1.44864 2.96532 2.96532 1 1 0
1.4319 2.95437 2.95437 1 1 0
1.41523 2.94332 2.94332 1 1 0
1.39864 2.93216 2.93216 1 1 0
1.38211 2.92089 2.92089 1 1 0
1.36566 2.90952 2.90952 1 1 0
1.34929 2.89803 2.89803 1 1 0
1.33299 2.88643 2.88643 1 1 0
1.31678 2.87472 2.87472 1 1 0
1.30065 2.86289 2.86289 1 1 0
1.28461 2.85095 2.85095 1 1 0
1.26865 2.8389 2.8389 1 1 0
1.25278 2.82672 2.82672 1 1 0
1.237 2.81443 2.81443 1 1 0
1.22132 2.80202 2.80202 1 1 0
1.20573 2.78949 2.78949 1 1 0
1.19024 2.77684 2.77684 1 1 0
1.17485 2.76407 2.76407 1 1 0
1.15956 2.75117 2.75117 1 1 0
1.14438 2.73815 2.73815 1 1 0
1.1293 2.72501 2.72501 1 1 0
1.11434 2.71174 2.71174 1 1 0
1.09948 2.69834 2.69834 1 1 0
1.08475 2.68482 2.68482 1 1 0
1.07012 2.67118 2.67118 1 1 0
1.05562 2.6574 2.6574 1 1 0
1.04124 2.6435 2.6435 1 1 0
1.02698 2.62948 2.62948 1 1 0
1.01285 2.61532 2.61532 1 1 0
0.998852 2.60104 2.60104 1 1 0
0.984982 2.58663 2.58663 1 1 0
0.971246 2.57209 2.57209 1 1 0
0.957647 2.55742 2.55742 1 1 0
0.944185 2.54263 2.54263 1 1 0
0.930865 2.52771 2.52771 1 1 0
0.917687 2.51266 2.51266 1 1 0
0.904655 2.49749 2.49749 1 1 0
0.89177 2.4822 2.4822 1 1 0
0.879034 2.46677 2.46677 1 1 0
0.86645 2.45123 2.45123 1 1 0
0.854019 2.43556 2.43556 1 1 0
0.841743 2.41977 2.41977 1 1 0
0.829624 2.40386 2.40386 1 1 0
0.817663 2.38783 2.38783 1 1 0
0.805863 2.37168 2.37168 1 1 0
0.794225 2.35541 2.35541 1 1 0
0.782749 2.33903 2.33903 1 1 0
0.771439 2.32253 2.32253 1 1 0
0.760293 2.30593 2.30593 1 1 0
0.749315 2.28921 2.28921 1 1 0
0.738503 2.27238 2.27238 1 1 0
0.727861 2.25545 2.25545 1 1 0
0.717387 2.23841 2.23841 1 1 0
0.707083 2.22127 2.22127 1 1 0
0.69695 2.20402 2.20402 1 1 0
0.686987 2.18668 2.18668 1 1 0
0.677195 2.16924 2.16924 1 1 0
0.667573 2.15171 2.15171 1 1 0
0.658122 2.13408 2.13408 1 1 0
0.648842 2.11637 2.11637 1 1 0
0.639731 2.09856 2.09856 1 1 0
0.630791 2.08067 2.08067 1 1 0
0.622019 2.0627 2.0627 1 1 0
0.613416 2.04464 2.04464 1 1 0
0.60498 2.02651 2.02651 1 1 0
0.60498 2.02651 2.02651 2 1 0
0.588608 1.99001 1.99001 1 1 0
0.58067 1.97166 1.97166 1 1 0
0.572894 1.95323 1.95323 1 1 0
0.565281 1.93474 1.93474 1 1 0
0.557828 1.91618 1.91618 1 1 0
0.550535 1.89755 1.89755 1 1 0
0.543398 1.87887 1.87887 1 1 0
0.536418 1.86013 1.86013 1 1 0
0.529591 1.84133 1.84133 1 1 0
0.522917 1.82248 1.82248 1 1 0
0.516393 1.80357 1.80357 1 1 0
0.510017 1.78461 1.78461 1 1 0
0.503788 1.76561 1.76561 1 1 0
0.497703 1.74655 1.74655 1 1 0
0.491761 1.72746 1.72746 1 1 0
0.485959 1.70832 1.70832 1 1 0
0.480295 1.68914 1.68914 1 1 0
0.474766 1.66991 1.66991 1 1 0
0.469372 1.65066 1.65066 1 1 0
0.464109 1.63136 1.63136 1 1 0
0.458975 1.61203 1.61203 1 1 0
0.453967 1.59267 1.59267 1 1 0
0.449085 1.57327 1.57327 1 1 0
0.444325 1.55385 1.55385 1 1 0
0.439685 1.53439 1.53439 1 1 0
0.435163 1.51491 1.51491 1 1 0
0.430757 1.4954 1.4954 1 1 0
0.426463 1.47587 1.47587 1 1 0
0.422281 1.45631 1.45631 1 1 0
0.418208 1.43673 1.43673 1 1 0
0.414241 1.41712 1.41712 1 1 0
0.410379 1.3975 1.3975 1 1 0
0.406619 1.37786 1.37786 1 1 0
0.402959 1.35819 1.35819 1 1 0
0.399397 1.33851 1.33851 1 1 0
0.39593 1.31882 1.31882 1 1 0
0.392557 1.2991 1.2991 1 1 0
0.389276 1.27937 1.27937 1 1 0
0.386084 1.25963 1.25963 1 1 0
0.38298 1.23987 1.23987 1 1 0
0.379961 1.2201 1.2201 1 1 0
0.377025 1.20032 1.20032 1 1 0
0.374171 1.18052 1.18052 1 1 0
0.371397 1.16072 1.16072 1 1 0
0.368701 1.1409 1.1409 1 1 0
0.36608 1.12107 1.12107 1 1 0
0.363534 1.10123 1.10123 1 1 0
0.36106 1.08139 1.08139 1 1 0
0.358657 1.06153 1.06153 1 1 0
0.356322 1.04167 1.04167 1 1 0
0.354055 1.0218 1.0218 1 1 0
0.351853 1.00192 1.00192 1 1 0
0.349715 0.982035 0.982035 1 1 0
0.34764 0.962143 0.962143 1 1 0
0.345625 0.942245 0.942245 1 1 0
0.343669 0.922341 0.922341 1 1 0
0.341772 0.902431 0.902431 1 1 0
0.33993 0.882516 0.882516 1 1 0
0.338144 0.862596 0.862596 1 1 0
0.336411 0.842672 0.842672 1 1 0
0.334729 0.822743 0.822743 1 1 0
0.333099 0.802809 0.802809 1 1 0
0.331518 0.782872 0.782872 1 1 0
0.329986 0.762931 0.762931 1 1 0
0.3285 0.742986 0.742986 1 1 0
0.32706 0.723038 0.723038 1 1 0
0.325664 0.703087 0.703087 1 1 0
0.324312 0.683133 0.683133 1 1 0
0.323002 0.663176 0.663176 1 1 0
0.321733 0.643216 0.643216 1 1 0
0.320503 0.623254 0.623254 1 1 0
0.319313 0.60329 0.60329 1 1 0
0.318161 0.583323 0.583323 1 1 0
0.317045 0.563355 0.563355 1 1 0
0.315965 0.543384 0.543384 1 1 0
0.31492 0.523411 0.523411 1 1 0
0.313909 0.503437 0.503437 1 1 0
0.312931 0.483461 0.483461 1 1 0
0.311985 0.463484 0.463484 1 1 0
0.311071 0.443505 0.443505 1 1 0
0.310186 0.423524 0.423524 1 1 0
0.309331 0.403543 0.403543 1 1 0
0.308505 0.38356 0.38356 1 1 0
0.307707 0.363576 0.363576 1 1 0
0.306936 0.343591 0.343591 1 1 0
0.306191 0.323605 0.323605 1 1 0
0.305472 0.303618 0.303618 1 1 0
0.304778 0.28363 0.28363 1 1 0
0.304108 0.263642 0.263642 1 1 0
0.303462 0.243652 0.243652 1 1 0
0.302838 0.223662 0.223662 1 1 0
0.302237 0.203671 0.203671 1 1 0
0.301657 0.18368 0.18368 1 1 0
0.301099 0.163688 0.163688 1 1 0
0.30056 0.143695 0.143695 1 1 0
0.300042 0.123702 0.123702 1 1 0
0.299542 0.103708 0.103708 1 1 0
0.299062 0.0837143 0.0837143 1 1 0
0.298599 0.0637198 0.0637198 1 1 0
0.298154 0.0437249 0.0437249 1 1 0
0.297726 0.0237297 0.0237297 1 1 0
0.297315 0.00373406 0.00373406 1 1 0
0.297239 -6.18056e-05 -6.18056e-05 2 1 0
0.296846 -0.0200578 -0.0200578 2 1 0
0.29647 -0.0400541 -0.0400541 2 1 0
0.296108 -0.0600507 -0.0600507 2 1 0
0.295761 -0.0800475 -0.0800475 2 1 0
0.295428 -0.100045 -0.100045 2 1 0
0.295109 -0.120042 -0.120042 2 1 0
0.294803 -0.140039 -0.140039 2 1 0
0.294511 -0.160037 -0.160037 2 1 0
0.29423 -0.180035 -0.180035 2 1 0
0.293962 -0.200033 -0.200033 2 1 0
0.293706 -0.220031 -0.220031 2 1 0
0.293461 -0.24003 -0.24003 2 1 0
0.293227 -0.260028 -0.260028 2 1 0
0.293004 -0.280027 -0.280027 2 1 0
0.292792 -0.300025 -0.300025 2 1 0
0.292589 -0.320024 -0.320024 2 1 0
0.292396 -0.340023 -0.340023 2 1 0
0.292213 -0.360022 -0.360022 2 1 0
0.292039 -0.380021 -0.380021 2 1 0
0.291873 -0.40002 -0.40002 2 1 0
0.291717 -0.42002 -0.42002 2 1 0
0.291568 -0.440019 -0.440019 2 1 0
0.291428 -0.460018 -0.460018 2 1 0
0.291295 -0.480018 -0.480018 2 1 0
0.29117 -0.500017 -0.500017 2 1 0
0.291052 -0.520017 -0.520017 2 1 0
0.290942 -0.540016 -0.540016 2 1 0
0.290838 -0.560016 -0.560016 2 1 0
0.29074 -0.580015 -0.580015 2 1 0
0.290649 -0.600015 -0.600015 2 1 0
0.290565 -0.620015 -0.620015 2 1 0
0.290486 -0.640014 -0.640014 2 1 0
0.290413 -0.660014 -0.660014 2 1 0
0.290345 -0.680014 -0.680014 2 1 0
0.290283 -0.700013 -0.700013 2 1 0
0.290226 -0.720013 -0.720013 2 1 0
0.290174 -0.740013 -0.740013 2 1 0
0.290126 -0.760013 -0.760013 2 1 0
0.290084 -0.780013 -0.780013 2 1 0
0.290046 -0.800012 -0.800012 2 1 0
0.290012 -0.820012 -0.820012 2 1 0
0.289982 -0.840012 -0.840012 2 1 0
0.289956 -0.860012 -0.860012 2 1 0
0.289935 -0.880012 -0.880012 2 1 0
0.289917 -0.900012 -0.900012 2 1 0
0.289902 -0.920011 -0.920011 2 1 0
0.289891 -0.940011 -0.940011 2 1 0
0.289883 -0.960011 -0.960011 2 1 0
0.289879 -0.980011 -0.980011 2 1 0
0.289877 -1.00001 -1.00001 1 1 0
0.289879 -1.02001 -1.02001 1 1 0
0.289883 -1.04001 -1.04001 1 1 0
0.28989 -1.06001 -1.06001 1 1 0
0.2899 -1.08001 -1.08001 1 1 0
0.289912 -1.10001 -1.10001 1 1 0
0.289926 -1.12001 -1.12001 1 1 0
0.289943 -1.14001 -1.14001 1 1 0
0.289962 -1.16001 -1.16001 1 1 0
0.289983 -1.18001 -1.18001 1 1 0
0.290006 -1.20001 -1.20001 1 1 0
0.290031 -1.22001 -1.22001 1 1 0
0.290058 -1.24001 -1.24001 1 1 0
0.290087 -1.26001 -1.26001 1 1 0
0.290117 -1.28001 -1.28001 1 1 0
0.290149 -1.30001 -1.30001 1 1 0
0.290183 -1.32001 -1.32001 1 1 0
0.290218 -1.34001 -1.34001 1 1 0
0.290254 -1.36001 -1.36001 1 1 0
0.290291 -1.38001 -1.38001 1 1 0
0.29033 -1.40001 -1.40001 1 1 0
0.29037 -1.42001 -1.42001 1 1 0
0.290412 -1.44001 -1.44001 1 1 0
0.290454 -1.46001 -1.46001 1 1 0
0.290497 -1.48001 -1.48001 1 1 0
0.290541 -1.50001 -1.50001 1 1 0
0.290586 -1.52001 -1.52001 1 1 0
0.290632 -1.54001 -1.54001 1 1 0
0.290679 -1.56001 -1.56001 1 1 0
0.290727 -1.58001 -1.58001 1 1 0
0.290775 -1.60001 -1.60001 1 1 0
0.290824 -1.62 -1.62 1 1 0
0.290873 -1.64 -1.64 1 1 0
0.290923 -1.66 -1.66 1 1 0
0.290973 -1.68 -1.68 1 1 0
0.291024 -1.7 -1.7 1 1 0
0.291076 -1.72 -1.72 1 1 0
0.291128 -1.74 -1.74 1 1 0
0.29118 -1.76 -1.76 1 1 0
0.291232 -1.78 -1.78 1 1 0
0.291285 -1.8 -1.8 1 1 0
0.291338 -1.82 -1.82 1 1 0
0.291391 -1.84 -1.84 1 1 0
0.291445 -1.86 -1.86 1 1 0
0.291499 -1.88 -1.88 1 1 0
0.291552 -1.9 -1.9 1 1 0
0.291606 -1.92 -1.92 1 1 0
0.297239 -6.18056e-05 -6.18056e-05 2 2 0
0.280963 -8.23896e-17 -8.23896e-17 1 2 0
0.264688 3.91868e-09 3.91868e-09 1 2 0
0.248414 1.28512e-14 1.28512e-14 1 2 0
0.232139 7.11896e-20 7.11896e-20 1 2 0
0.215864 -1.89327e-29 -1.89327e-29 1 2 0
0.19959 -4.81482e-35 -4.81482e-35 1 2 0
0.183315 -8.40779e-45 -8.40779e-45 1 2 0
0.16704 1.60366e-50 1.60366e-50 1 2 0
0.150766 -1.2446e-60 -1.2446e-60 1 2 0
0.134491 2.37389e-66 2.37389e-66 1 2 0
0.118216 -2.76357e-76 -2.76357e-76 1 2 0
0.101942 0 0 1 2 0
0.085667 0 0 1 2 0
0.0693923 0 0 1 2 0
0.0531177 0 0 1 2 0
0.036843 0 0 1 2 0
0.0205683 0 0 1 2 0
0.00429366 0 0 1 2 0
-0.011981 0 0 1 2 0
0.297239 -6.18056e-05 -6.18056e-05 2 2 0
0.313517 -3.19803e-16 -3.19803e-16 1 2 0
0.329791 3.72197e-09 3.72197e-09 2 2 0
0.346066 1.15531e-14 1.15531e-14 2 2 0
0.362341 6.02518e-20 6.02518e-20 2 2 0
0.378615 -6.7842e-29 -6.7842e-29 2 2 0
0.39489 2.40741e-35 2.40741e-35 2 2 0
0.411165 0 0 2 2 0
0.427439 5.34553e-51 5.34553e-51 2 2 0
0.443714 -4.33594e-61 -4.33594e-61 2 2 0
0.459989 -2.37389e-66 -2.37389e-66 2 2 0
0.476263 0 0 2 2 0
0.492538 -2.10844e-81 -2.10844e-81 2 2 0
0.508813 9.36335e-97 9.36335e-97 2 2 0
0.525087 0 0 2 2 0
0.541362 -2.07908e-112 -2.07908e-112 2 2 0
0.557637 -4.75297e-113 -4.75297e-113 2 2 0
0.573911 -6.92473e-128 -6.92473e-128 2 2 0
0.590186 -5.77061e-129 -5.77061e-129 2 2 0
0.606461 0 0 2 2 0
0.622735 -1.28133e-144 -1.28133e-144 2 2 0
0.63901 1.70708e-159 1.70708e-159 2 2 0
0.655285 -1.42257e-159 -1.42257e-159 2 2 0
0.67156 0 0 2 2 0
0.687834 -1.01079e-174 -1.01079e-174 2 2 0
0.704109 0 0 2 2 0
0.720384 -2.24441e-190 -2.24441e-190 2 2 0
0.736658 -4.9836e-206 -4.9836e-206 2 2 0
0.752933 -9.96719e-206 -9.96719e-206 2 2 0
0.769208 4.42632e-221 4.42632e-221 2 2 0
0.785482 -2.21316e-221 -2.21316e-221 2 2 0
0.801757 -1.96568e-236 -1.96568e-236 2 2 0
0.818032 7.37131e-237 7.37131e-237 2 2 0
0.834306 -8.72938e-252 -8.72938e-252 2 2 0
0.850581 2.18235e-252 2.18235e-252 2 2 0
0.866856 -3.87663e-267 -3.87663e-267 2 2 0
0.88313 -4.84578e-268 -4.84578e-268 2 2 0
0.899405 -4.30392e-283 -4.30392e-283 2 2 0
0.91568 -1.61397e-283 -1.61397e-283 2 2 0
0.931954 2.38915e-299 2.38915e-299 2 2 0
0.948229 2.38915e-299 2.38915e-299 2 2 0
0.964504 0 0 2 2 0
0.980778 0 0 2 2 0
0.997053 0 0 2 2 0
1.01333 0 0 2 2 0
1.0296 0 0 2 2 0
1.04588 0 0 2 2 0
1.06215 0 0 2 2 0
1.07843 0 0 2 2 0
1.0947 0 0 2 2 0
1.11098 0 0 2 2 0
1.12725 0 0 2 2 0
1.14352 0 0 2 2 0
1.1598 0 0 2 2 0
1.17607 0 0 2 2 0
1.19235 0 0 2 2 0
1.20862 0 0 2 2 0
1.2249 0 0 2 2 0
1.24117 0 0 2 2 0
1.25745 0 0 2 2 0
1.27372 0 0 2 2 0
1.29 0 0 2 2 0
1.30627 0 0 2 2 0
1.32255 0 0 2 2 0
1.33882 0 0 2 2 0
1.3551 0 0 2 2 0
1.37137 0 0 2 2 0
1.38765 0 0 2 2 0
1.40392 0 0 2 2 0
1.42019 0 0 2 2 0
1.43647 0 0 2 2 0
1.45274 0 0 2 2 0
1.46902 0 0 2 2 0
1.48529 0 0 2 2 0
1.50157 0 0 2 2 0
1.51784 0 0 2 2 0
1.53412 0 0 2 2 0
1.55039 0 0 2 2 0
1.56667 0 0 2 2 0
1.58294 0 0 2 2 0
1.59922 0 0 2 2 0
1.61549 0 0 2 2 0
1.63177 0 0 2 2 0
1.64804 0 0 2 2 0
1.66431 0 0 2 2 0
1.68059 0 0 2 2 0
1.69686 0 0 2 2 0
1.71314 0 0 2 2 0
1.72941 0 0 2 2 0
1.74569 0 0 2 2 0
1.76196 0 0 2 2 0
1.77824 0 0 2 2 0
1.79451 0 0 2 2 0
1.81079 0 0 2 2 0
1.82706 0 0 2 2 0
1.84334 0 0 2 2 0
1.85961 0 0 2 2 0
1.87589 0 0 2 2 0
1.89216 0 0 2 2 0
1.90843 0 0 2 2 0
1.92471 0 0 2 2 0
1.94098 0 0 2 2 0
1.95726 0 0 2 2 0
1.97353 0 0 2 2 0
1.98981 0 0 2 2 0
2.00608 0 0 2 2 0
2.02236 0 0 2 2 0
2.03863 0 0 2 2 0
2.05491 0 0 2 2 0
2.07118 0 0 2 2 0
2.08746 0 0 2 2 0
2.10373 0 0 2 2 0
2.12001 0 0 2 2 0
2.13628 0 0 2 2 0
2.15255 0 0 2 2 0
2.16883 0 0 2 2 0
2.1851 0 0 2 2 0
2.20138 0 0 2 2 0
2.21765 0 0 2 2 0
2.23393 0 0 2 2 0
2.2502 0 0 2 2 0
2.26648 0 0 2 2 0
2.28275 0 0 2 2 0
2.29903 0 0 2 2 0
2.3153 0 0 2 2 0
2.33158 0 0 2 2 0
2.34785 0 0 2 2 0
2.36413 0 0 2 2 0
2.3804 0 0 2 2 0
2.39667 0 0 2 2 0
2.41295 0 0 2 2 0
2.42922 0 0 2 2 0
2.4455 0 0 2 2 0
2.46177 0 0 2 2 0
2.47805 0 0 2 2 0
2.49432 0 0 2 2 0
2.5106 0 0 2 2 0
2.52687 0 0 2 2 0
2.54315 0 0 2 2 0
2.55942 0 0 2 2 0
2.5757 0 0 2 2 0
2.59197 0 0 2 2 0
2.60825 0 0 2 2 0
2.62452 0 0 2 2 0
2.64079 0 0 2 2 0
2.65707 0 0 2 2 0
2.67334 0 0 2 2 0
2.68962 0 0 2 2 0
2.70589 0 0 2 2 0
2.72217 0 0 2 2 0
2.73844 0 0 2 2 0
2.75472 0 0 2 2 0
2.77099 0 0 2 2 0
2.78727 0 0 2 2 0
2.80354 0 0 2 2 0
2.81982 0 0 2 2 0
2.83609 0 0 2 2 0
2.85237 0 0 2 2 0
2.86864 0 0 2 2 0
2.88491 0 0 2 2 0
2.90119 0 0 2 2 0
2.91746 0 0 2 2 0
2.93374 0 0 2 2 0
2.95001 0 0 2 2 0
2.96629 0 0 2 2 0
2.98256 0 0 2 2 0
2.99884 0 0 2 2 0
3.01511 0 0 2 2 0
3.03139 0 0 2 2 0
3.04766 0 0 2 2 0
3.06394 0 0 2 2 0
3.08021 0 0 2 2 0
3.09649 0 0 2 2 0
3.11276 0 0 2 2 0
3.12903 0 0 2 2 0
3.14531 0 0 2 2 0
3.16158 0 0 2 2 0
3.17786 0 0 2 2 0
3.19413 0 0 2 2 0
3.21041 0 0 2 2 0
3.22668 0 0 2 2 0
3.24296 0 0 2 2 0
3.25923 0 0 2 2 0
3.27551 0 0 2 2 0
3.29178 0 0 2 2 0
3.30806 0 0 2 2 0
3.32433 0 0 2 2 0
3.34061 0 0 2 2 0
3.35688 0 0 2 2 0
3.37315 0 0 2 2 0
3.38943 0 0 2 2 0
3.4057 0 0 2 2 0
3.42198 0 0 2 2 0
3.43825 0 0 2 2 0
3.45453 0 0 2 2 0
3.4708 0 0 2 2 0
3.48708 0 0 2 2 0
3.50335 0 0 2 2 0
3.51963 0 0 2 2 0
3.5359 0 0 2 2 0
3.02939 3.62779 3.62779 2 1 0
2.99096 3.61669 3.61669 1 1 0
2.97176 3.61109 3.61109 1 1 0
2.95257 3.60545 3.60545 1 1 0
2.9334 3.59977 3.59977 1 1 0
2.91423 3.59406 3.59406 1 1 0
2.89507 3.58832 3.58832 1 1 0
2.87593 3.58253 3.58253 1 1 0
2.85679 3.57671 3.57671 1 1 0
2.83767 3.57085 3.57085 1 1 0
2.81856 3.56495 3.56495 1 1 0
2.79946 3.55902 3.55902 1 1 0
2.78037 3.55304 3.55304 1 1 0
2.7613 3.54702 3.54702 1 1 0
2.74224 3.54097 3.54097 1 1 0
2.72319 3.53487 3.53487 1 1 0
2.70416 3.52873 3.52873 1 1 0
2.68514 3.52255 3.52255 1 1 0
2.66613 3.51633 3.51633 1 1 0
2.64714 3.51006 3.51006 1 1 0
2.62816 3.50375 3.50375 1 1 0
2.60919 3.4974 3.4974 1 1 0
2.59024 3.491 3.491 1 1 0
2.57131 3.48455 3.48455 1 1 0
2.55239 3.47806 3.47806 1 1 0
2.53349 3.47153 3.47153 1 1 0
2.51461 3.46495 3.46495 1 1 0
2.49574 3.45832 3.45832 1 1 0
2.47688 3.45164 3.45164 1 1 0
2.45805 3.44491 3.44491 1 1 0
2.43923 3.43813 3.43813 1 1 0
2.42043 3.4313 3.4313 1 1 0
2.40165 3.42443 3.42443 1 1 0
2.38289 3.4175 3.4175 1 1 0
2.36415 3.41051 3.41051 1 1 0
2.34543 3.40348 3.40348 1 1 0
2.32673 3.39639 3.39639 1 1 0
2.30805 3.38925 3.38925 1 1 0
2.28939 3.38205 3.38205 1 1 0
2.27075 3.3748 3.3748 1 1 0
2.25213 3.36749 3.36749 1 1 0
2.23354 3.36012 3.36012 1 1 0
2.21497 3.3527 3.3527 1 1 0
2.19642 3.34521 3.34521 1 1 0
2.1779 3.33767 3.33767 1 1 0
2.1594 3.33007 3.33007 1 1 0
2.14093 3.3224 3.3224 1 1 0
2.12248 3.31467 3.31467 1 1 0
2.10406 3.30688 3.30688 1 1 0
2.08566 3.29903 3.29903 1 1 0
2.0673 3.29111 3.29111 1 1 0
2.04896 3.28313 3.28313 1 1 0
2.03065 3.27507 3.27507 1 1 0
2.01238 3.26696 3.26696 1 1 0
1.99413 3.25877 3.25877 1 1 0
1.97591 3.25051 3.25051 1 1 0
1.95773 3.24219 3.24219 1 1 0
1.93958 3.23379 3.23379 1 1 0
1.92146 3.22532 3.22532 1 1 0
1.90337 3.21677 3.21677 1 1 0
1.88533 3.20816 3.20816 1 1 0
1.86731 3.19946 3.19946 1 1 0
1.84934 3.19069 3.19069 1 1 0
1.8314 3.18185 3.18185 1 1 0
1.8135 3.17292 3.17292 1 1 0
1.79565 3.16391 3.16391 1 1 0
1.77783 3.15483 3.15483 1 1 0
1.76005 3.14566 3.14566 1 1 0
1.74232 3.13641 3.13641 1 1 0
1.72463 3.12707 3.12707 1 1 0
1.70699 3.11765 3.11765 1 1 0
1.68939 3.10815 3.10815 1 1 0
1.67185 3.09855 3.09855 1 1 0
1.65435 3.08887 3.08887 1 1 0
1.6369 3.0791 3.0791 1 1 0
1.6195 3.06923 3.06923 1 1 0
1.60215 3.05928 3.05928 1 1 0
1.58486 3.04923 3.04923 1 1 0
1.56762 3.03908 3.03908 1 1 0
1.55044 3.02884 3.02884 1 1 0
1.53332 3.01851 3.01851 1 1 0
1.51626 3.00807 3.00807 1 1 0
1.49926 2.99753 2.99753 1 1 0
1.48232 2.9869 2.9869 1 1 0
1.46545 2.97616 2.97616 1 1 0
1.44864 2.96532 2.96532 1 1 0
1.4319 2.95437 2.95437 1 1 0
1.41523 2.94332 2.94332 1 1 0
1.39864 2.93216 2.93216 1 1 0
1.38211 2.92089 2.92089 1 1 0
1.36566 2.90952 2.90952 1 1 0
1.34929 2.89803 2.89803 1 1 0
1.33299 2.88643 2.88643 1 1 0
1.31678 2.87472 2.87472 1 1 0
1.30065 2.86289 2.86289 1 1 0
1.28461 2.85095 2.85095 1 1 0
1.26865 2.8389 2.8389 1 1 0
1.25278 2.82672 2.82672 1 1 0
1.237 2.81443 2.81443 1 1 0
1.22132 2.80202 2.80202 1 1 0
1.20573 2.78949 2.78949 1 1 0
1.19024 2.77684 2.77684 1 1 0
1.17485 2.76407 2.76407 1 1 0
1.15956 2.75117 2.75117 1 1 0
1.14438 2.73815 2.73815 1 1 0
1.1293 2.72501 2.72501 1 1 0
1.11434 2.71174 2.71174 1 1 0
1.09948 2.69834 2.69834 1 1 0
1.08475 2.68482 2.68482 1 1 0
1.07012 2.67118 2.67118 1 1 0
1.05562 2.6574 2.6574 1 1 0
1.04124 2.6435 2.6435 1 1 0
1.02698 2.62948 2.62948 1 1 0
1.01285 2.61532 2.61532 1 1 0
0.998852 2.60104 2.60104 1 1 0
0.984982 2.58663 2.58663 1 1 0
0.971246 2.57209 2.57209 1 1 0
0.957647 2.55742 2.55742 1 1 0
0.944185 2.54263 2.54263 1 1 0
0.930865 2.52771 2.52771 1 1 0
0.917687 2.51266 2.51266 1 1 0
0.904655 2.49749 2.49749 1 1 0
0.89177 2.4822 2.4822 1 1 0
0.879034 2.46677 2.46677 1 1 0
0.86645 2.45123 2.45123 1 1 0
0.854019 2.43556 2.43556 1 1 0
0.841743 2.41977 2.41977 1 1 0
0.829624 2.40386 2.40386 1 1 0
0.817663 2.38783 2.38783 1 1 0
0.805863 2.37168 2.37168 1 1 0
0.794225 2.35541 2.35541 1 1 0
0.78275 2.33903 2.33903 1 1 0
0.771439 2.32253 2.32253 1 1 0
0.760293 2.30593 2.30593 1 1 0
0.749315 2.28921 2.28921 1 1 0
0.738503 2.27238 2.27238 1 1 0
0.727861 2.25545 2.25545 1 1 0
0.717387 2.23841 2.23841 1 1 0
0.707083 2.22127 2.22127 1 1 0
0.69695 2.20402 2.20402 1 1 0
0.686987 2.18668 2.18668 1 1 0
0.677195 2.16924 2.16924 1 1 0
0.667573 2.15171 2.15171 1 1 0
0.658122 2.13408 2.13408 1 1 0
0.648842 2.11637 2.11637 1 1 0
0.639731 2.09856 2.09856 1 1 0
0.630791 2.08067 2.08067 1 1 0
0.622019 2.0627 2.0627 1 1 0
0.613416 2.04464 2.04464 1 1 0
0.60498 2.02651 2.02651 1 1 0
0.596712 2.0083 2.0083 1 1 0
0.588608 1.99001 1.99001 1 1 0
0.58067 1.97166 1.97166 1 1 0
0.572894 1.95323 1.95323 1 1 0
0.565281 1.93474 1.93474 1 1 0
0.557828 1.91618 1.91618 1 1 0
0.550535 1.89755 1.89755 1 1 0
0.543398 1.87887 1.87887 1 1 0
0.536418 1.86013 1.86013 1 1 0
0.529591 1.84133 1.84133 1 1 0
0.522917 1.82248 1.82248 1 1 0
0.516393 1.80357 1.80357 1 1 0
0.510017 1.78461 1.78461 1 1 0
0.503788 1.76561 1.76561 1 1 0
0.497704 1.74655 1.74655 1 1 0
0.491761 1.72746 1.72746 1 1 0
0.485959 1.70832 1.70832 1 1 0
0.480295 1.68914 1.68914 1 1 0
0.474766 1.66991 1.66991 1 1 0
0.469372 1.65066 1.65066 1 1 0
0.464109 1.63136 1.63136 1 1 0
0.458975 1.61203 1.61203 1 1 0
0.453967 1.59267 1.59267 1 1 0
0.449085 1.57327 1.57327 1 1 0
0.444325 1.55385 1.55385 1 1 0
0.439685 1.53439 1.53439 1 1 0
0.435163 1.51491 1.51491 1 1 0
0.430757 1.4954 1.4954 1 1 0
0.426464 1.47587 1.47587 1 1 0
0.422281 1.45631 1.45631 1 1 0
0.418208 1.43673 1.43673 1 1 0
0.414241 1.41712 1.41712 1 1 0
0.410379 1.3975 1.3975 1 1 0
0.406619 1.37786 1.37786 1 1 0
0.402959 1.3582 1.3582 1 1 0
0.399397 1.33851 1.33851 1 1 0
0.39593 1.31882 1.31882 1 1 0
0.392557 1.2991 1.2991 1 1 0
0.389276 1.27937 1.27937 1 1 0
0.386084 1.25963 1.25963 1 1 0
0.38298 1.23987 1.23987 1 1 0
0.379961 1.2201 1.2201 1 1 0
0.377025 1.20032 1.20032 1 1 0
0.374171 1.18052 1.18052 1 1 0
0.371397 1.16072 1.16072 1 1 0
0.368701 1.1409 1.1409 1 1 0
0.36608 1.12107 1.12107 1 1 0
0.363534 1.10123 1.10123 1 1 0
0.36106 1.08139 1.08139 1 1 0
0.358657 1.06153 1.06153 1 1 0
16.8627 5.06809 5.06809 2 11 0
16.9027 5.07016 5.07016 2 11 0
16.9226 5.07119 5.07119 2 11 0
16.9426 5.07222 5.07222 2 11 0
16.9626 5.07325 5.07325 2 11 0
16.9826 5.07428 5.07428 2 11 0
17.0025 5.07531 5.07531 2 11 0
17.0225 5.07634 5.07634 2 11 0
17.0425 5.07736 5.07736 2 11 0
17.0624 5.07838 5.07838 2 11 0
17.0824 5.07941 5.07941 2 11 0
17.1024 5.08043 5.08043 2 11 0
17.1224 5.08145 5.08145 2 11 0
17.1423 5.08247 5.08247 2 11 0
17.1623 5.08348 5.08348 2 11 0
17.1823 5.0845 5.0845 2 11 0
17.2023 5.08551 5.08551 2 11 0
17.2222 5.08653 5.08653 2 11 0
17.2422 5.08754 5.08754 2 11 0
17.2622 5.08855 5.08855 2 11 0
17.2822 5.08956 5.08956 2 11 0
17.3021 5.09057 5.09057 2 11 0
17.3221 5.09158 5.09158 2 11 0
17.3421 5.09259 5.09259 2 11 0
17.3621 5.09359 5.09359 2 11 0
17.382 5.0946 5.0946 2 11 0
17.402 5.0956 5.0956 2 11 0
17.422 5.0966 5.0966 2 11 0
17.442 5.0976 5.0976 2 11 0
17.4619 5.0986 5.0986 2 11 0
17.4819 5.0996 5.0996 2 11 0
17.5019 5.1006 5.1006 2 11 0
17.5219 5.10159 5.10159 2 11 0
17.5418 5.10259 5.10259 2 11 0
17.5618 5.10358 5.10358 2 11 0
17.5818 5.10458 5.10458 2 11 0
17.6018 5.10557 5.10557 2 11 0
17.6217 5.10656 5.10656 2 11 0
17.6417 5.10755 5.10755 2 11 0
17.6617 5.10854 5.10854 2 11 0
17.6817 5.10952 5.10952 2 11 0
17.7016 5.11051 5.11051 2 11 0
17.7216 5.11149 5.11149 2 11 0
17.7416 5.11248 5.11248 2 11 0
17.7616 5.11346 5.11346 2 11 0
17.7815 5.11444 5.11444 2 11 0
17.8015 5.11542 5.11542 2 11 0
17.8215 5.1164 5.1164 2 11 0
17.8415 5.11738 5.11738 2 11 0
17.8614 5.11836 5.11836 2 11 0
17.8814 5.11933 5.11933 2 11 0
17.9014 5.12031 5.12031 2 11 0
17.9214 5.12128 5.12128 2 11 0
17.9414 5.12225 5.12225 2 11 0
17.9613 5.12323 5.12323 2 11 0
17.9813 5.1242 5.1242 2 11 0
18.0013 5.12517 5.12517 2 11 0
18.0213 5.12613 5.12613 2 11 0
18.0412 5.1271 5.1271 2 11 0
18.0612 5.12807 5.12807 2 11 0
18.0812 5.12903 5.12903 2 11 0
18.1012 5.13 5.13 2 11 0
18.1211 5.13096 5.13096 2 11 0
18.1411 5.13192 5.13192 2 11 0
18.1611 5.13288 5.13288 2 11 0
18.1811 5.13384 5.13384 2 11 0
18.2011 5.1348 5.1348 2 11 0
18.221 5.13576 5.13576 2 11 0
18.241 5.13671 5.13671 2 11 0
18.261 5.13767 5.13767 2 11 0
18.281 5.13862 5.13862 2 11 0
18.3009 5.13958 5.13958 2 11 0
18.3209 5.14053 5.14053 2 11 0
18.3409 5.14148 5.14148 2 11 0
18.3609 5.14243 5.14243 2 11 0
18.3808 5.14338 5.14338 2 11 0
18.4008 5.14433 5.14433 2 11 0
18.4208 5.14527 5.14527 2 11 0
18.4408 5.14622 5.14622 2 11 0
18.4608 5.14716 5.14716 2 11 0
18.4807 5.14811 5.14811 2 11 0
18.5007 5.14905 5.14905 2 11 0
18.5207 5.14999 5.14999 2 11 0
18.5407 5.15093 5.15093 2 11 0
18.5606 5.15187 5.15187 2 11 0
18.5806 5.15281 5.15281 2 11 0
18.6006 5.15375 5.15375 2 11 0
18.6206 5.15469 5.15469 2 11 0
18.6406 5.15562 5.15562 2 11 0
18.6605 5.15656 5.15656 2 11 0
18.6805 5.15749 5.15749 2 11 0
18.7005 5.15842 5.15842 2 11 0
18.7205 5.15936 5.15936 2 11 0
18.7405 5.16029 5.16029 2 11 0
18.7604 5.16122 5.16122 2 11 0
18.7804 5.16214 5.16214 2 11 0
18.8004 5.16307 5.16307 2 11 0
18.8204 5.164 5.164 2 11 0
18.8403 5.16492 5.16492 2 11 0
18.8603 5.16585 5.16585 2 11 0
18.8803 5.16677 5.16677 2 11 0
18.9003 5.1677 5.1677 2 11 0
18.9203 5.16862 5.16862 2 11 0
18.9402 5.16954 5.16954 2 11 0
18.9602 5.17046 5.17046 2 11 0
18.9802 5.17138 5.17138 2 11 0
19.0002 5.17229 5.17229 2 11 0
19.0202 5.17321 5.17321 2 11 0
19.0401 5.17413 5.17413 2 11 0
19.0601 5.17504 5.17504 2 11 0
19.0801 5.17595 5.17595 2 11 0
19.1001 5.17687 5.17687 2 11 0
19.12 5.17778 5.17778 2 11 0
19.14 5.17869 5.17869 2 11 0
19.16 5.1796 5.1796 2 11 0
19.18 5.18051 5.18051 2 11 0
19.2 5.18142 5.18142 2 11 0
19.2199 5.18233 5.18233 2 11 0
19.2399 5.18323 5.18323 2 11 0
19.2599 5.18414 5.18414 2 11 0
19.2799 5.18504 5.18504 2 11 0
19.2999 5.18594 5.18594 2 11 0
19.3198 5.18685 5.18685 2 11 0
19.3398 5.18775 5.18775 2 11 0
19.3598 5.18865 5.18865 2 11 0
19.3798 5.18955 5.18955 2 11 0
19.3998 5.19045 5.19045 2 11 0
19.4197 5.19134 5.19134 2 11 0
19.4397 5.19224 5.19224 2 11 0
19.4597 5.19314 5.19314 2 11 0
19.4797 5.19403 5.19403 2 11 0
19.4997 5.19493 5.19493 2 11 0
19.5196 5.19582 5.19582 2 11 0
19.5396 5.19671 5.19671 2 11 0
19.5596 5.1976 5.1976 2 11 0
19.5796 5.19849 5.19849 2 11 0
19.5996 5.19938 5.19938 2 11 0
19.6195 5.20027 5.20027 2 11 0
19.6395 5.20116 5.20116 2 11 0
19.6595 5.20204 5.20204 2 11 0
19.6795 5.20293 5.20293 2 11 0
19.6995 5.20381 5.20381 2 11 0
19.7194 5.2047 5.2047 2 11 0
19.7394 5.20558 5.20558 2 11 0
19.7594 5.20646 5.20646 2 11 0
19.7794 5.20734 5.20734 2 11 0
19.7994 5.20823 5.20823 2 11 0
19.8193 5.2091 5.2091 2 11 0
19.8393 5.20998 5.20998 2 11 0
19.8593 5.21086 5.21086 2 11 0
19.8793 5.21174 5.21174 2 11 0
19.8993 5.21261 5.21261 2 11 0
19.9193 5.21349 5.21349 2 11 0
19.9392 5.21436 5.21436 2 11 0
19.9592 5.21524 5.21524 2 11 0
19.9792 5.21611 5.21611 2 11 0
19.9992 5.21698 5.21698 2 11 0
20.0192 5.21785 5.21785 2 11 0
20.0391 5.21872 5.21872 2 11 0
20.0591 5.21959 5.21959 2 11 0
20.0791 5.22046 5.22046 2 11 0
20.0991 5.22132 5.22132 2 11 0
20.1191 5.22219 5.22219 2 11 0
20.139 5.22305 5.22305 2 11 0
20.159 5.22392 5.22392 2 11 0
20.179 5.22478 5.22478 2 11 0
20.199 5.22565 5.22565 2 11 0
20.219 5.22651 5.22651 2 11 0
20.2389 5.22737 5.22737 2 11 0
20.2589 5.22823 5.22823 2 11 0
20.2789 5.22909 5.22909 2 11 0
20.2989 5.22995 5.22995 2 11 0
20.3189 5.2308 5.2308 2 11 0
20.3389 5.23166 5.23166 2 11 0
20.3588 5.23252 5.23252 2 11 0
20.3788 5.23337 5.23337 2 11 0
20.3988 5.23422 5.23422 2 11 0
20.4188 5.23508 5.23508 2 11 0
20.4388 5.23593 5.23593 2 11 0
20.4587 5.23678 5.23678 2 11 0
20.4787 5.23763 5.23763 2 11 0
20.4987 5.23848 5.23848 2 11 0
20.5187 5.23933 5.23933 2 11 0
20.5387 5.24018 5.24018 2 11 0
20.5587 5.24103 5.24103 2 11 0
20.5786 5.24187 5.24187 2 11 0
20.5986 5.24272 5.24272 2 11 0
20.6186 5.24357 5.24357 2 11 0
20.6386 5.24441 5.24441 2 11 0
20.6586 5.24525 5.24525 2 11 0
20.6786 5.2461 5.2461 2 11 0
20.6985 5.24694 5.24694 2 11 0
20.7185 5.24778 5.24778 2 11 0
20.7385 5.24862 5.24862 2 11 0
20.7585 5.24946 5.24946 2 11 0
20.7785 5.2503 5.2503 2 11 0
20.7984 5.25113 5.25113 2 11 0
20.8184 5.25197 5.25197 2 11 0
20.8384 5.25281 5.25281 2 11 0
20.8584 5.25364 5.25364 2 11 0
