10 0.0185553 0.0185553 2 1 0
10.0386 0.0186027 0.0186027 1 1 0
10.0585 0.0186095 0.0186095 1 1 0
10.0784 0.0186162 0.0186162 1 1 0
10.0984 0.0186229 0.0186229 1 1 0
10.1183 0.0186296 0.0186296 1 1 0
10.1382 0.0186363 0.0186363 1 1 0
10.1581 0.0186429 0.0186429 1 1 0
10.1781 0.0186496 0.0186496 1 1 0
10.198 0.0186562 0.0186562 1 1 0
10.2179 0.0186628 0.0186628 1 1 0
10.2379 0.0186694 0.0186694 1 1 0
10.2578 0.018676 0.018676 1 1 0
10.2777 0.0186826 0.0186826 1 1 0
10.2977 0.0186892 0.0186892 1 1 0
10.3176 0.0186958 0.0186958 1 1 0
10.3375 0.0187023 0.0187023 1 1 0
10.3575 0.0187088 0.0187088 1 1 0
10.3774 0.0187154 0.0187154 1 1 0
10.3973 0.0187219 0.0187219 1 1 0
10.4173 0.0187284 0.0187284 1 1 0
10.4372 0.0187349 0.0187349 1 1 0
10.4571 0.0187413 0.0187413 1 1 0
10.4771 0.0187478 0.0187478 1 1 0
10.497 0.0187542 0.0187542 1 1 0
10.5169 0.0187607 0.0187607 1 1 0
10.5369 0.0187671 0.0187671 1 1 0
10.5568 0.0187735 0.0187735 1 1 0
10.5767 0.0187799 0.0187799 1 1 0
10.5967 0.0187863 0.0187863 1 1 0
10.6166 0.0187927 0.0187927 1 1 0
10.6366 0.0187991 0.0187991 1 1 0
10.6565 0.0188054 0.0188054 1 1 0
10.6764 0.0188118 0.0188118 1 1 0
10.6964 0.0188181 0.0188181 1 1 0
10.7163 0.0188244 0.0188244 1 1 0
10.7362 0.0188307 0.0188307 1 1 0
10.7562 0.018837 0.018837 1 1 0
10.7761 0.0188433 0.0188433 1 1 0
10.7961 0.0188496 0.0188496 1 1 0
10.816 0.0188558 0.0188558 1 1 0
10.8359 0.0188621 0.0188621 1 1 0
10.8559 0.0188683 0.0188683 1 1 0
10.8758 0.0188745 0.0188745 1 1 0
10.8957 0.0188807 0.0188807 1 1 0
10.9157 0.018887 0.018887 1 1 0
10.9356 0.0188931 0.0188931 1 1 0
10.9556 0.0188993 0.0188993 1 1 0
10.9755 0.0189055 0.0189055 1 1 0
10.9954 0.0189117 0.0189117 1 1 0
11.0154 0.0189178 0.0189178 1 1 0
11.0353 0.0189239 0.0189239 1 1 0
11.0553 0.0189301 0.0189301 1 1 0
11.0752 0.0189362 0.0189362 1 1 0
11.0952 0.0189423 0.0189423 1 1 0
11.1151 0.0189484 0.0189484 1 1 0
11.135 0.0189545 0.0189545 1 1 0
11.155 0.0189605 0.0189605 1 1 0
11.1749 0.0189666 0.0189666 1 1 0
11.1949 0.0189727 0.0189727 1 1 0
11.2148 0.0189787 0.0189787 1 1 0
11.2348 0.0189847 0.0189847 1 1 0
11.2547 0.0189907 0.0189907 1 1 0
11.2746 0.0189968 0.0189968 1 1 0
11.2946 0.0190027 0.0190027 1 1 0
11.3145 0.0190087 0.0190087 1 1 0
11.3345 0.0190147 0.0190147 1 1 0
11.3544 0.0190207 0.0190207 1 1 0
11.3744 0.0190266 0.0190266 1 1 0
11.3943 0.0190326 0.0190326 1 1 0
11.4142 0.0190385 0.0190385 1 1 0
11.4342 0.0190444 0.0190444 1 1 0
11.4541 0.0190504 0.0190504 1 1 0
11.4741 0.0190563 0.0190563 1 1 0
11.494 0.0190622 0.0190622 1 1 0
11.514 0.019068 0.019068 1 1 0
11.5339 0.0190739 0.0190739 1 1 0
11.5539 0.0190798 0.0190798 1 1 0
11.5738 0.0190856 0.0190856 1 1 0
11.5938 0.0190915 0.0190915 1 1 0
11.6137 0.0190973 0.0190973 1 1 0
11.6337 0.0191031 0.0191031 1 1 0
11.6536 0.019109 0.019109 1 1 0
11.6735 0.0191148 0.0191148 1 1 0
11.6935 0.0191206 0.0191206 1 1 0
11.7134 0.0191263 0.0191263 1 1 0
11.7334 0.0191321 0.0191321 1 1 0
11.7533 0.0191379 0.0191379 1 1 0
11.7733 0.0191436 0.0191436 1 1 0
11.7932 0.0191494 0.0191494 1 1 0
11.8132 0.0191551 0.0191551 1 1 0
11.8331 0.0191608 0.0191608 1 1 0
11.8531 0.0191666 0.0191666 1 1 0
11.873 0.0191723 0.0191723 1 1 0
11.893 0.019178 0.019178 1 1 0
11.9129 0.0191837 0.0191837 1 1 0
11.9329 0.0191893 0.0191893 1 1 0
11.9528 0.019195 0.019195 1 1 0
11.9728 0.0192007 0.0192007 1 1 0
11.9927 0.0192063 0.0192063 1 1 0
12.0127 0.019212 0.019212 1 1 0
12.0326 0.0192176 0.0192176 1 1 0
12.0526 0.0192232 0.0192232 1 1 0
12.0725 0.0192288 0.0192288 1 1 0
12.0925 0.0192344 0.0192344 1 1 0
12.1124 0.01924 0.01924 1 1 0
12.1324 0.0192456 0.0192456 1 1 0
12.1523 0.0192512 0.0192512 1 1 0
12.1723 0.0192568 0.0192568 1 1 0
12.1922 0.0192623 0.0192623 1 1 0
12.2122 0.0192679 0.0192679 1 1 0
12.2321 0.0192734 0.0192734 1 1 0
12.2521 0.019279 0.019279 1 1 0
12.272 0.0192845 0.0192845 1 1 0
12.292 0.01929 0.01929 1 1 0
12.312 0.0192955 0.0192955 1 1 0
12.3319 0.019301 0.019301 1 1 0
12.3519 0.0193065 0.0193065 1 1 0
12.3718 0.019312 0.019312 1 1 0
12.3918 0.0193174 0.0193174 1 1 0
12.4117 0.0193229 0.0193229 1 1 0
12.4317 0.0193284 0.0193284 1 1 0
12.4516 0.0193338 0.0193338 1 1 0
12.4716 0.0193392 0.0193392 1 1 0
12.4915 0.0193447 0.0193447 1 1 0
12.5115 0.0193501 0.0193501 1 1 0
12.5314 0.0193555 0.0193555 1 1 0
12.5514 0.0193609 0.0193609 1 1 0
12.5713 0.0193663 0.0193663 1 1 0
12.5913 0.0193717 0.0193717 1 1 0
12.6113 0.0193771 0.0193771 1 1 0
12.6312 0.0193824 0.0193824 1 1 0
12.6512 0.0193878 0.0193878 1 1 0
12.6711 0.0193931 0.0193931 1 1 0
12.6911 0.0193985 0.0193985 1 1 0
12.711 0.0194038 0.0194038 1 1 0
12.731 0.0194091 0.0194091 1 1 0
12.7509 0.0194145 0.0194145 1 1 0
12.7709 0.0194198 0.0194198 1 1 0
12.7909 0.0194251 0.0194251 1 1 0
12.8108 0.0194304 0.0194304 1 1 0
12.8308 0.0194357 0.0194357 1 1 0
12.8507 0.0194409 0.0194409 1 1 0
12.8707 0.0194462 0.0194462 1 1 0
12.8906 0.0194515 0.0194515 1 1 0
12.9106 0.0194567 0.0194567 1 1 0
12.9306 0.019462 0.019462 1 1 0
12.9505 0.0194672 0.0194672 1 1 0
12.9705 0.0194724 0.0194724 1 1 0
12.9904 0.0194777 0.0194777 1 1 0
13.0104 0.0194829 0.0194829 1 1 0
13.0303 0.0194881 0.0194881 1 1 0
13.0503 0.0194933 0.0194933 1 1 0
13.0703 0.0194985 0.0194985 1 1 0
13.0902 0.0195036 0.0195036 1 1 0
13.1102 0.0195088 0.0195088 1 1 0
13.1301 0.019514 0.019514 1 1 0
13.1501 0.0195191 0.0195191 1 1 0
13.17 0.0195243 0.0195243 1 1 0
13.19 0.0195294 0.0195294 1 1 0
13.21 0.0195346 0.0195346 1 1 0
13.2299 0.0195397 0.0195397 1 1 0
13.2499 0.0195448 0.0195448 1 1 0
13.2698 0.0195499 0.0195499 1 1 0
13.2898 0.019555 0.019555 1 1 0
13.3098 0.0195601 0.0195601 1 1 0
13.3297 0.0195652 0.0195652 1 1 0
13.3497 0.0195703 0.0195703 1 1 0
13.3696 0.0195754 0.0195754 1 1 0
13.3896 0.0195805 0.0195805 1 1 0
13.4096 0.0195855 0.0195855 1 1 0
13.4295 0.0195906 0.0195906 1 1 0
13.4495 0.0195956 0.0195956 1 1 0
13.4694 0.0196007 0.0196007 1 1 0
13.4783 0.0196029 0.0196029 2 1 0
13.4983 0.0196079 0.0196079 2 1 0
13.5182 0.0196129 0.0196129 2 1 0
13.5382 0.0196179 0.0196179 2 1 0
13.5582 0.019623 0.019623 2 1 0
13.5781 0.019628 0.019628 2 1 0
13.5981 0.0196329 0.0196329 2 1 0
13.618 0.0196379 0.0196379 2 1 0
13.638 0.0196429 0.0196429 2 1 0
13.658 0.0196479 0.0196479 2 1 0
13.6779 0.0196528 0.0196528 2 1 0
13.6979 0.0196578 0.0196578 2 1 0
13.7178 0.0196627 0.0196627 2 1 0
13.7378 0.0196677 0.0196677 2 1 0
13.7578 0.0196726 0.0196726 2 1 0
13.7777 0.0196775 0.0196775 2 1 0
13.7977 0.0196825 0.0196825 2 1 0
13.8177 0.0196874 0.0196874 2 1 0
13.8376 0.0196923 0.0196923 2 1 0
13.8576 0.0196972 0.0196972 2 1 0
13.8775 0.0197021 0.0197021 2 1 0
13.8975 0.0197069 0.0197069 2 1 0
13.9175 0.0197118 0.0197118 2 1 0
13.9374 0.0197167 0.0197167 2 1 0
13.9574 0.0197216 0.0197216 2 1 0
13.9774 0.0197264 0.0197264 2 1 0
13.4783 0.0196029 0.0196029 4 5 0
13.481 0.0197231 0.0194855 3 5 0
13.4887 0.0198407 0.0193757 3 5 0
13.4997 0.0199481 0.0192796 3 5 0
13.5129 0.0200453 0.0191957 3 5 0
13.5275 0.0201344 0.0191215 3 5 0
13.543 0.0202168 0.0190553 3 5 0
13.5592 0.0202938 0.0189947 3 5 0
13.576 0.0203663 0.0189392 3 5 0
13.5931 0.020435 0.0188882 3 5 0
13.6106 0.0205005 0.0188404 3 5 0
13.6283 0.0205632 0.0187956 3 5 0
13.6462 0.0206233 0.0187536 3 5 0
13.6643 0.0206814 0.0187138 3 5 0
13.6826 0.0207376 0.018676 3 5 0
13.7009 0.0207918 0.0186398 3 5 0
13.7194 0.0208447 0.0186054 3 5 0
13.738 0.0208962 0.0185726 3 5 0
13.7566 0.020946 0.0185407 3 5 0
13.7753 0.020995 0.0185104 3 5 0
13.7941 0.0210429 0.0184812 3 5 0
13.813 0.0210893 0.0184527 3 5 0
13.8318 0.0211353 0.0184255 3 5 0
13.8508 0.0211803 0.0183993 3 5 0
13.8698 0.0212239 0.0183733 3 5 0
13.8888 0.0212673 0.0183487 3 5 0
13.9079 0.0213101 0.0183248 3 5 0
13.927 0.021353 0.0183015 3 5 0
13.9461 0.0213945 0.0182789 3 5 0
13.9652 0.0214354 0.018257 3 5 0
13.9844 0.0214765 0.0182361 3 5 0
14.0036 0.0215163 0.0182153 3 5 0
14.0228 0.0215555 0.018195 3 5 0
14.0421 0.0215949 0.0181753 3 5 0
14.0614 0.0216332 0.018156 3 5 0
14.0806 0.021671 0.0181371 3 5 0
14.1 0.0217091 0.0181175 3 5 0
14.1193 0.0217461 0.0180995 3 5 0
14.1386 0.0217827 0.0180818 3 5 0
14.158 0.0218183 0.0180651 3 5 0
14.1773 0.0218541 0.0180482 3 5 0
14.1967 0.0218895 0.0180316 3 5 0
14.2161 0.0219235 0.0180154 3 5 0
14.2355 0.0219582 0.0179995 3 5 0
14.2549 0.0219926 0.0179839 3 5 0
14.2744 0.0220233 0.0179699 3 5 0
14.2938 0.022057 0.0179549 3 5 0
14.3133 0.0220905 0.0179401 3 5 0
14.3327 0.0221295 0.0179237 3 5 0
14.3522 0.0221625 0.0179094 3 5 0
14.3717 0.0221953 0.0178955 3 5 0
14.3912 0.0222277 0.0178822 3 5 0
14.4107 0.02226 0.0178687 3 5 0
14.4302 0.0222919 0.0178555 3 5 0
14.4497 0.0223237 0.0178429 3 5 0
14.4692 0.0223552 0.0178301 3 5 0
14.4887 0.0223865 0.0178175 3 5 0
14.5083 0.0224175 0.0178053 3 5 0
14.5278 0.0224483 0.0177931 3 5 0
14.5473 0.022479 0.017781 3 5 0
14.5669 0.0225091 0.0177685 3 5 0
14.5865 0.0225393 0.0177569 3 5 0
14.606 0.0225694 0.0177454 3 5 0
14.6256 0.0225956 0.0177347 3 5 0
14.6452 0.0226252 0.0177236 3 5 0
14.6647 0.0226547 0.0177126 3 5 0
14.6843 0.0226876 0.0177005 3 5 0
14.7039 0.0227167 0.0176899 3 5 0
14.7235 0.0227458 0.0176793 3 5 0
14.7431 0.0227753 0.0176697 3 5 0
14.7627 0.0228039 0.0176595 3 5 0
14.7823 0.0228325 0.0176495 3 5 0
14.8019 0.0228608 0.0176394 3 5 0
14.8216 0.022889 0.0176296 3 5 0
14.8412 0.0229171 0.01762 3 5 0
14.8608 0.0229431 0.0176097 3 5 0
14.8804 0.0229709 0.0176003 3 5 0
14.9001 0.0229985 0.017591 3 5 0
14.9197 0.0230275 0.0175833 3 5 0
14.9393 0.0230549 0.0175743 3 5 0
14.959 0.0230821 0.0175653 3 5 0
14.9786 0.0231096 0.0175568 3 5 0
14.9983 0.0231365 0.0175481 3 5 0
15.0179 0.0231634 0.0175395 3 5 0
15.0376 0.0231898 0.0175307 3 5 0
15.0573 0.0232163 0.0175223 3 5 0
15.0769 0.0232428 0.017514 3 5 0
15.0966 0.0232696 0.0175072 3 5 0
15.1163 0.0232958 0.0174991 3 5 0
15.1359 0.0233219 0.0174911 3 5 0
15.1556 0.0233472 0.0174825 3 5 0
15.1753 0.023373 0.0174747 3 5 0
15.195 0.0233988 0.017467 3 5 0
15.2146 0.0234248 0.0174587 3 5 0
15.2343 0.0234503 0.0174512 3 5 0
15.254 0.0234758 0.0174437 3 5 0
15.2737 0.0235006 0.0174354 3 5 0
15.2934 0.0235259 0.017428 3 5 0
15.3131 0.023551 0.0174208 3 5 0
15.3328 0.023576 0.0174133 3 5 0
15.3525 0.023601 0.0174062 3 5 0
15.3722 0.0236259 0.0173992 3 5 0
15.3919 0.0236516 0.0173946 3 5 0
15.4116 0.0236762 0.0173877 3 5 0
15.4313 0.0237008 0.017381 3 5 0
15.451 0.0237248 0.0173713 3 5 0
15.4707 0.0237492 0.0173646 3 5 0
15.4904 0.0237736 0.0173581 3 5 0
15.5102 0.0237949 0.017353 3 5 0
15.5299 0.023819 0.0173466 3 5 0
15.5496 0.023843 0.0173403 3 5 0
15.5693 0.0238668 0.0173326 3 5 0
15.589 0.0238907 0.0173263 3 5 0
15.6088 0.0239145 0.0173202 3 5 0
15.6285 0.023942 0.0173178 3 5 0
15.6482 0.0239657 0.0173118 3 5 0
15.668 0.0239893 0.0173058 3 5 0
15.6877 0.024013 0.0172993 3 5 0
15.7074 0.0240364 0.0172934 3 5 0
15.7272 0.0240597 0.0172876 3 5 0
15.7469 0.0240826 0.0172811 3 5 0
15.7666 0.0241058 0.0172754 3 5 0
15.7864 0.0241289 0.0172698 3 5 0
15.8061 0.0241523 0.0172657 3 5 0
15.8259 0.0241753 0.0172602 3 5 0
15.8456 0.0241982 0.0172547 3 5 0
15.8654 0.0242206 0.0172481 3 5 0
15.8851 0.0242433 0.0172428 3 5 0
15.9049 0.024266 0.0172375 3 5 0
15.9246 0.0242891 0.0172335 3 5 0
15.9444 0.0243116 0.0172283 3 5 0
15.9641 0.0243341 0.0172232 3 5 0
15.9839 0.024356 0.017217 3 5 0
16.0036 0.0243784 0.0172119 3 5 0
16.0234 0.0244007 0.0172069 3 5 0
16.0431 0.0244233 0.017203 3 5 0
16.0629 0.0244455 0.0171981 3 5 0
16.0827 0.0244676 0.0171932 3 5 0
16.1024 0.0244892 0.0171875 3 5 0
16.1222 0.0245111 0.0171827 3 5 0
16.142 0.0245331 0.0171779 3 5 0
16.1617 0.0245552 0.017174 3 5 0
16.1815 0.024577 0.0171694 3 5 0
16.2013 0.0245987 0.0171648 3 5 0
16.221 0.02462 0.0171595 3 5 0
16.2408 0.0246417 0.017155 3 5 0
16.2606 0.0246632 0.0171505 3 5 0
16.2804 0.0246849 0.0171465 3 5 0
16.3001 0.0247064 0.0171421 3 5 0
16.3199 0.0247278 0.0171377 3 5 0
16.3397 0.0247488 0.0171329 3 5 0
16.3595 0.0247701 0.0171286 3 5 0
16.3792 0.0247913 0.0171243 3 5 0
16.399 0.0248126 0.0171203 3 5 0
16.4188 0.0248337 0.0171162 3 5 0
16.4386 0.0248547 0.017112 3 5 0
16.4584 0.0248755 0.0171074 3 5 0
16.4782 0.0248964 0.0171034 3 5 0
16.4979 0.0249173 0.0170993 3 5 0
16.5177 0.0249382 0.0170953 3 5 0
16.5375 0.024959 0.0170914 3 5 0
16.5573 0.0249798 0.0170874 3 5 0
16.5771 0.0250002 0.0170829 3 5 0
16.5969 0.0250209 0.017079 3 5 0
16.6167 0.0250415 0.0170752 3 5 0
16.6365 0.025062 0.0170711 3 5 0
16.6563 0.0250825 0.0170674 3 5 0
16.676 0.0251029 0.0170636 3 5 0
16.6958 0.0251231 0.0170596 3 5 0
16.7156 0.0251435 0.017056 3 5 0
16.7354 0.0251638 0.0170523 3 5 0
16.7552 0.0251841 0.01705 3 5 0
16.775 0.0252043 0.0170465 3 5 0
16.7948 0.0252245 0.0170429 3 5 0
16.8146 0.0252446 0.0170413 3 5 0
16.8344 0.0252646 0.0170378 3 5 0
16.8542 0.0252847 0.0170344 3 5 0
16.874 0.0253045 0.0170299 3 5 0
16.8938 0.0253245 0.0170266 3 5 0
16.9136 0.0253443 0.0170232 3 5 0
16.9334 0.0253641 0.0170191 3 5 0
16.9533 0.0253839 0.0170158 3 5 0
16.9731 0.0254037 0.0170126 3 5 0
16.9929 0.0254233 0.0170088 3 5 0
17.0127 0.025443 0.0170056 3 5 0
17.0325 0.0254626 0.0170024 3 5 0
17.0523 0.0254821 0.0169987 3 5 0
17.0721 0.0255017 0.0169956 3 5 0
17.0919 0.0255212 0.0169925 3 5 0
17.1117 0.0255405 0.016989 3 5 0
17.1315 0.02556 0.0169859 3 5 0
17.1514 0.0255793 0.0169829 3 5 0
17.1712 0.0255986 0.0169794 3 5 0
17.191 0.0256179 0.0169765 3 5 0
17.2108 0.0256371 0.0169735 3 5 0
17.2306 0.0256563 0.0169704 3 5 0
17.2504 0.0256755 0.0169675 3 5 0
17.2702 0.0256946 0.0169646 3 5 0
17.2901 0.0257132 0.016961 3 5 0
17.3099 0.0257323 0.0169581 3 5 0
13.9774 0.0197264 0.0197264 2 1 0
14.0173 0.0197361 0.0197361 2 1 0
14.0373 0.0197409 0.0197409 2 1 0
14.0572 0.0197458 0.0197458 2 1 0
14.0772 0.0197506 0.0197506 2 1 0
14.0971 0.0197554 0.0197554 2 1 0
14.1171 0.0197602 0.0197602 2 1 0
14.1371 0.019765 0.019765 2 1 0
14.157 0.0197698 0.0197698 2 1 0
14.177 0.0197746 0.0197746 2 1 0
14.197 0.0197794 0.0197794 2 1 0
14.2169 0.0197842 0.0197842 2 1 0
14.2369 0.0197889 0.0197889 2 1 0
14.2569 0.0197937 0.0197937 2 1 0
14.2768 0.0197984 0.0197984 2 1 0
14.2968 0.0198032 0.0198032 2 1 0
14.3168 0.0198079 0.0198079 2 1 0
14.3367 0.0198127 0.0198127 2 1 0
14.3567 0.0198174 0.0198174 2 1 0
14.3766 0.0198221 0.0198221 2 1 0
14.3966 0.0198268 0.0198268 2 1 0
14.4166 0.0198316 0.0198316 2 1 0
14.4365 0.0198363 0.0198363 2 1 0
14.4565 0.019841 0.019841 2 1 0
14.4765 0.0198456 0.0198456 2 1 0
14.4964 0.0198503 0.0198503 2 1 0
14.5164 0.019855 0.019855 2 1 0
14.5364 0.0198597 0.0198597 2 1 0
14.5563 0.0198643 0.0198643 2 1 0
14.5763 0.019869 0.019869 2 1 0
14.5963 0.0198737 0.0198737 2 1 0
14.6162 0.0198783 0.0198783 2 1 0
14.6362 0.0198829 0.0198829 2 1 0
14.6562 0.0198876 0.0198876 2 1 0
14.6761 0.0198922 0.0198922 2 1 0
14.6961 0.0198968 0.0198968 2 1 0
14.7161 0.0199014 0.0199014 2 1 0
14.736 0.019906 0.019906 2 1 0
14.756 0.0199107 0.0199107 2 1 0
14.776 0.0199152 0.0199152 2 1 0
14.7959 0.0199198 0.0199198 2 1 0
14.8159 0.0199244 0.0199244 2 1 0
14.8359 0.019929 0.019929 2 1 0
14.8558 0.0199336 0.0199336 2 1 0
14.8758 0.0199381 0.0199381 2 1 0
14.8958 0.0199427 0.0199427 2 1 0
14.9157 0.0199473 0.0199473 2 1 0
14.9357 0.0199518 0.0199518 2 1 0
14.9557 0.0199563 0.0199563 2 1 0
14.9756 0.0199609 0.0199609 2 1 0
14.9956 0.0199654 0.0199654 2 1 0
15.0156 0.0199699 0.0199699 2 1 0
15.0355 0.0199745 0.0199745 2 1 0
15.0555 0.019979 0.019979 2 1 0
15.0755 0.0199835 0.0199835 2 1 0
15.0955 0.019988 0.019988 2 1 0
15.1154 0.0199925 0.0199925 2 1 0
15.1354 0.019997 0.019997 2 1 0
15.1554 0.0200014 0.0200014 2 1 0
15.1753 0.0200059 0.0200059 2 1 0
15.1953 0.0200104 0.0200104 2 1 0
15.2153 0.0200149 0.0200149 2 1 0
15.2352 0.0200193 0.0200193 2 1 0
15.2552 0.0200238 0.0200238 2 1 0
15.2752 0.0200282 0.0200282 2 1 0
15.2951 0.0200327 0.0200327 2 1 0
15.3151 0.0200371 0.0200371 2 1 0
15.3351 0.0200415 0.0200415 2 1 0
15.355 0.0200459 0.0200459 2 1 0
15.375 0.0200504 0.0200504 2 1 0
15.395 0.0200548 0.0200548 2 1 0
15.415 0.0200592 0.0200592 2 1 0
15.4349 0.0200636 0.0200636 2 1 0
15.4549 0.020068 0.020068 2 1 0
15.4749 0.0200724 0.0200724 2 1 0
15.4948 0.0200768 0.0200768 2 1 0
15.5148 0.0200811 0.0200811 2 1 0
15.5348 0.0200855 0.0200855 2 1 0
15.5547 0.0200899 0.0200899 2 1 0
15.5747 0.0200943 0.0200943 2 1 0
15.5947 0.0200986 0.0200986 2 1 0
15.6147 0.020103 0.020103 2 1 0
15.6346 0.0201073 0.0201073 2 1 0
15.6546 0.0201116 0.0201116 2 1 0
15.6746 0.020116 0.020116 2 1 0
15.6945 0.0201203 0.0201203 2 1 0
15.7145 0.0201246 0.0201246 2 1 0
15.7345 0.020129 0.020129 2 1 0
15.7545 0.0201333 0.0201333 2 1 0
15.7744 0.0201376 0.0201376 2 1 0
15.7944 0.0201419 0.0201419 2 1 0
15.8144 0.0201462 0.0201462 2 1 0
15.8343 0.0201505 0.0201505 2 1 0
15.8543 0.0201548 0.0201548 2 1 0
15.8743 0.020159 0.020159 2 1 0
15.8942 0.0201633 0.0201633 2 1 0
15.9142 0.0201676 0.0201676 2 1 0
15.9342 0.0201719 0.0201719 2 1 0
15.9542 0.0201761 0.0201761 2 1 0
15.9741 0.0201804 0.0201804 2 1 0
15.9941 0.0201846 0.0201846 2 1 0
16.0141 0.0201889 0.0201889 2 1 0
16.0341 0.0201931 0.0201931 2 1 0
16.054 0.0201973 0.0201973 2 1 0
16.074 0.0202016 0.0202016 2 1 0
16.094 0.0202058 0.0202058 2 1 0
16.1139 0.02021 0.02021 2 1 0
16.1339 0.0202142 0.0202142 2 1 0
16.1539 0.0202184 0.0202184 2 1 0
16.1739 0.0202226 0.0202226 2 1 0
16.1938 0.0202268 0.0202268 2 1 0
16.2138 0.020231 0.020231 2 1 0
16.2338 0.0202352 0.0202352 2 1 0
16.2537 0.0202394 0.0202394 2 1 0
16.2737 0.0202436 0.0202436 2 1 0
16.2937 0.0202478 0.0202478 2 1 0
16.3137 0.0202519 0.0202519 2 1 0
16.3336 0.0202561 0.0202561 2 1 0
16.3536 0.0202602 0.0202602 2 1 0
16.3736 0.0202644 0.0202644 2 1 0
16.3936 0.0202685 0.0202685 2 1 0
16.4135 0.0202727 0.0202727 2 1 0
16.4335 0.0202768 0.0202768 2 1 0
16.4535 0.020281 0.020281 2 1 0
16.4734 0.0202851 0.0202851 2 1 0
16.4934 0.0202892 0.0202892 2 1 0
16.5134 0.0202933 0.0202933 2 1 0
16.5334 0.0202974 0.0202974 2 1 0
16.5533 0.0203016 0.0203016 2 1 0
16.5733 0.0203057 0.0203057 2 1 0
16.5933 0.0203098 0.0203098 2 1 0
16.6133 0.0203138 0.0203138 2 1 0
16.6332 0.0203179 0.0203179 2 1 0
16.6532 0.020322 0.020322 2 1 0
16.6732 0.0203261 0.0203261 2 1 0
16.6932 0.0203302 0.0203302 2 1 0
16.7131 0.0203342 0.0203342 2 1 0
16.7331 0.0203383 0.0203383 2 1 0
16.7531 0.0203424 0.0203424 2 1 0
16.7731 0.0203464 0.0203464 2 1 0
16.793 0.0203505 0.0203505 2 1 0
16.813 0.0203545 0.0203545 2 1 0
16.833 0.0203586 0.0203586 2 1 0
16.853 0.0203626 0.0203626 2 1 0
16.8729 0.0203666 0.0203666 2 1 0
16.8929 0.0203707 0.0203707 2 1 0
16.9129 0.0203747 0.0203747 2 1 0
16.9329 0.0203787 0.0203787 2 1 0
16.9528 0.0203827 0.0203827 2 1 0
16.9728 0.0203867 0.0203867 2 1 0
16.9928 0.0203907 0.0203907 2 1 0
17.0128 0.0203947 0.0203947 2 1 0
17.0327 0.0203987 0.0203987 2 1 0
17.0527 0.0204027 0.0204027 2 1 0
17.0727 0.0204067 0.0204067 2 1 0
17.0927 0.0204107 0.0204107 2 1 0
17.1126 0.0204146 0.0204146 2 1 0
17.1326 0.0204186 0.0204186 2 1 0
17.1526 0.0204226 0.0204226 2 1 0
17.1726 0.0204265 0.0204265 2 1 0
17.1925 0.0204305 0.0204305 2 1 0
17.2125 0.0204344 0.0204344 2 1 0
17.2325 0.0204384 0.0204384 2 1 0
17.2525 0.0204423 0.0204423 2 1 0
17.2724 0.0204463 0.0204463 2 1 0
17.2924 0.0204502 0.0204502 2 1 0
17.3124 0.0204541 0.0204541 2 1 0
17.3324 0.0204581 0.0204581 2 1 0
17.3523 0.020462 0.020462 2 1 0
17.3723 0.0204659 0.0204659 2 1 0
17.3923 0.0204698 0.0204698 2 1 0
17.4123 0.0204737 0.0204737 2 1 0
17.4322 0.0204776 0.0204776 2 1 0
17.4522 0.0204815 0.0204815 2 1 0
17.4722 0.0204854 0.0204854 2 1 0
17.4922 0.0204893 0.0204893 2 1 0
17.5121 0.0204932 0.0204932 2 1 0
17.5321 0.0204971 0.0204971 2 1 0
17.5521 0.020501 0.020501 2 1 0
17.5721 0.0205048 0.0205048 2 1 0
17.5921 0.0205087 0.0205087 2 1 0
17.612 0.0205126 0.0205126 2 1 0
17.632 0.0205164 0.0205164 2 1 0
17.652 0.0205203 0.0205203 2 1 0
17.672 0.0205241 0.0205241 2 1 0
17.6919 0.020528 0.020528 2 1 0
17.7119 0.0205318 0.0205318 2 1 0
17.7319 0.0205357 0.0205357 2 1 0
17.7519 0.0205395 0.0205395 2 1 0
17.7718 0.0205433 0.0205433 2 1 0
17.7918 0.0205471 0.0205471 2 1 0
17.8118 0.020551 0.020551 2 1 0
17.8318 0.0205548 0.0205548 2 1 0
17.8518 0.0205586 0.0205586 2 1 0
17.8717 0.0205624 0.0205624 2 1 0
17.8917 0.0205662 0.0205662 2 1 0
17.9117 0.02057 0.02057 2 1 0
17.9317 0.0205738 0.0205738 2 1 0
17.9516 0.0205776 0.0205776 2 1 0
17.9716 0.0205814 0.0205814 2 1 0
10 0.0185553 0.0185553 2 1 0
9.96047 0.0185762 0.0185762 1 1 0
9.94054 0.0185695 0.0185695 1 1 0
9.92061 0.0185626 0.0185626 1 1 0
9.90069 0.0185558 0.0185558 1 1 0
9.88076 0.018549 0.018549 1 1 0
9.86083 0.0185421 0.0185421 1 1 0
9.84091 0.0185353 0.0185353 1 1 0
9.82098 0.0185284 0.0185284 1 1 0
9.80105 0.0185215 0.0185215 1 1 0
9.78113 0.0185146 0.0185146 1 1 0
9.7612 0.0185077 0.0185077 1 1 0
9.74128 0.0185008 0.0185008 1 1 0
9.72135 0.0184938 0.0184938 1 1 0
9.70143 0.0184869 0.0184869 1 1 0
9.68151 0.0184799 0.0184799 1 1 0
9.66158 0.0184729 0.0184729 1 1 0
9.64166 0.0184659 0.0184659 1 1 0
9.62174 0.0184589 0.0184589 1 1 0
9.60181 0.0184518 0.0184518 1 1 0
9.58189 0.0184448 0.0184448 1 1 0
9.56197 0.0184377 0.0184377 1 1 0
9.54205 0.0184307 0.0184307 1 1 0
9.52213 0.0184236 0.0184236 1 1 0
9.50221 0.0184165 0.0184165 1 1 0
9.48229 0.0184093 0.0184093 1 1 0
9.46236 0.0184022 0.0184022 1 1 0
9.44244 0.0183951 0.0183951 1 1 0
9.42253 0.0183879 0.0183879 1 1 0
9.40261 0.0183807 0.0183807 1 1 0
9.38269 0.0183735 0.0183735 1 1 0
9.36277 0.0183663 0.0183663 1 1 0
9.34285 0.0183591 0.0183591 1 1 0
9.32293 0.0183518 0.0183518 1 1 0
9.30301 0.0183446 0.0183446 1 1 0
9.2831 0.0183373 0.0183373 1 1 0
9.26318 0.01833 0.01833 1 1 0
9.24326 0.0183227 0.0183227 1 1 0
9.22335 0.0183154 0.0183154 1 1 0
9.20343 0.0183081 0.0183081 1 1 0
9.18352 0.0183007 0.0183007 1 1 0
9.1636 0.0182934 0.0182934 1 1 0
9.14369 0.018286 0.018286 1 1 0
9.12377 0.0182786 0.0182786 1 1 0
9.10386 0.0182712 0.0182712 1 1 0
9.08394 0.0182638 0.0182638 1 1 0
9.06403 0.0182563 0.0182563 1 1 0
9.04412 0.0182488 0.0182488 1 1 0
9.02421 0.0182414 0.0182414 1 1 0
9.00429 0.0182339 0.0182339 1 1 0
8.98438 0.0182264 0.0182264 1 1 0
8.96447 0.0182188 0.0182188 1 1 0
8.94456 0.0182113 0.0182113 1 1 0
8.92465 0.0182037 0.0182037 1 1 0
8.90474 0.0181962 0.0181962 1 1 0
8.88483 0.0181886 0.0181886 1 1 0
8.86492 0.018181 0.018181 1 1 0
8.84501 0.0181733 0.0181733 1 1 0
8.8251 0.0181657 0.0181657 1 1 0
8.8052 0.018158 0.018158 1 1 0
8.78529 0.0181503 0.0181503 1 1 0
8.76538 0.0181426 0.0181426 1 1 0
8.74547 0.0181349 0.0181349 1 1 0
8.72557 0.0181272 0.0181272 1 1 0
8.70566 0.0181195 0.0181195 1 1 0
8.68576 0.0181117 0.0181117 1 1 0
8.66585 0.0181039 0.0181039 1 1 0
8.64595 0.0180961 0.0180961 1 1 0
8.62604 0.0180883 0.0180883 1 1 0
8.60614 0.0180805 0.0180805 1 1 0
8.58623 0.0180726 0.0180726 1 1 0
8.56633 0.0180647 0.0180647 1 1 0
8.54643 0.0180568 0.0180568 1 1 0
8.52653 0.0180489 0.0180489 1 1 0
8.50663 0.018041 0.018041 1 1 0
8.48672 0.018033 0.018033 1 1 0
8.46682 0.0180251 0.0180251 1 1 0
8.44692 0.0180171 0.0180171 1 1 0
8.42702 0.0180091 0.0180091 1 1 0
8.40712 0.0180011 0.0180011 1 1 0
8.38723 0.017993 0.017993 1 1 0
8.36733 0.017985 0.017985 1 1 0
8.34743 0.0179769 0.0179769 1 1 0
8.32753 0.0179688 0.0179688 1 1 0
8.30764 0.0179607 0.0179607 1 1 0
8.28774 0.0179526 0.0179526 1 1 0
8.26784 0.0179444 0.0179444 1 1 0
8.24795 0.0179362 0.0179362 1 1 0
8.22805 0.017928 0.017928 1 1 0
8.20816 0.0179198 0.0179198 1 1 0
8.18827 0.0179116 0.0179116 1 1 0
8.16837 0.0179033 0.0179033 1 1 0
8.14848 0.0178951 0.0178951 1 1 0
8.12859 0.0178868 0.0178868 1 1 0
8.1087 0.0178784 0.0178784 1 1 0
8.0888 0.0178701 0.0178701 1 1 0
8.06891 0.0178618 0.0178618 1 1 0
8.04902 0.0178534 0.0178534 1 1 0
8.02913 0.017845 0.017845 1 1 0
8.00924 0.0178366 0.0178366 1 1 0
7.98936 0.0178281 0.0178281 1 1 0
7.96947 0.0178197 0.0178197 1 1 0
7.94958 0.0178112 0.0178112 1 1 0
7.92969 0.0178027 0.0178027 1 1 0
7.90981 0.0177942 0.0177942 1 1 0
7.88992 0.0177856 0.0177856 1 1 0
7.87004 0.0177771 0.0177771 1 1 0
7.85015 0.0177685 0.0177685 1 1 0
7.83027 0.0177599 0.0177599 1 1 0
7.81039 0.0177513 0.0177513 1 1 0
7.7905 0.0177426 0.0177426 1 1 0
7.77062 0.0177339 0.0177339 1 1 0
7.75074 0.0177252 0.0177252 1 1 0
7.73086 0.0177165 0.0177165 1 1 0
7.71098 0.0177078 0.0177078 1 1 0
7.6911 0.017699 0.017699 1 1 0
7.67122 0.0176902 0.0176902 1 1 0
7.65134 0.0176814 0.0176814 1 1 0
7.63146 0.0176726 0.0176726 1 1 0
7.61159 0.0176638 0.0176638 1 1 0
7.59171 0.0176549 0.0176549 1 1 0
7.57183 0.017646 0.017646 1 1 0
7.55196 0.0176371 0.0176371 1 1 0
7.53208 0.0176281 0.0176281 1 1 0
7.51221 0.0176192 0.0176192 1 1 0
7.49234 0.0176102 0.0176102 1 1 0
7.47246 0.0176011 0.0176011 1 1 0
7.45259 0.0175921 0.0175921 1 1 0
7.43272 0.017583 0.017583 1 1 0
7.41285 0.017574 0.017574 1 1 0
7.39298 0.0175648 0.0175648 1 1 0
7.37311 0.0175557 0.0175557 1 1 0
7.35324 0.0175466 0.0175466 1 1 0
7.33337 0.0175374 0.0175374 1 1 0
7.31351 0.0175282 0.0175282 1 1 0
7.29364 0.0175189 0.0175189 1 1 0
7.27378 0.0175097 0.0175097 1 1 0
7.25391 0.0175004 0.0175004 1 1 0
7.23405 0.0174911 0.0174911 1 1 0
7.21418 0.0174817 0.0174817 1 1 0
7.19432 0.0174724 0.0174724 1 1 0
7.17446 0.017463 0.017463 1 1 0
7.1546 0.0174536 0.0174536 1 1 0
7.13474 0.0174441 0.0174441 1 1 0
7.11488 0.0174347 0.0174347 1 1 0
7.09502 0.0174252 0.0174252 1 1 0
7.07516 0.0174157 0.0174157 1 1 0
7.0553 0.0174061 0.0174061 1 1 0
7.03545 0.0173966 0.0173966 1 1 0
7.01559 0.017387 0.017387 1 1 0
6.99574 0.0173773 0.0173773 1 1 0
6.97588 0.0173677 0.0173677 1 1 0
6.95603 0.017358 0.017358 1 1 0
6.93618 0.0173483 0.0173483 1 1 0
6.91633 0.0173386 0.0173386 1 1 0
6.89648 0.0173288 0.0173288 1 1 0
6.87663 0.017319 0.017319 1 1 0
6.85678 0.0173092 0.0173092 1 1 0
6.83693 0.0172994 0.0172994 1 1 0
6.81708 0.0172895 0.0172895 1 1 0
6.79724 0.0172796 0.0172796 1 1 0
6.77739 0.0172696 0.0172696 1 1 0
6.75755 0.0172597 0.0172597 1 1 0
6.7377 0.0172497 0.0172497 1 1 0
6.71786 0.0172397 0.0172397 1 1 0
6.69802 0.0172296 0.0172296 1 1 0
6.67818 0.0172195 0.0172195 1 1 0
6.65834 0.0172094 0.0172094 1 1 0
6.6385 0.0171993 0.0171993 1 1 0
6.61866 0.0171891 0.0171891 1 1 0
6.59882 0.0171789 0.0171789 1 1 0
6.57899 0.0171687 0.0171687 1 1 0
6.55915 0.0171584 0.0171584 1 1 0
6.53932 0.0171482 0.0171482 1 1 0
6.51949 0.0171378 0.0171378 1 1 0
6.49966 0.0171275 0.0171275 1 1 0
6.47982 0.0171171 0.0171171 1 1 0
6.45999 0.0171067 0.0171067 1 1 0
6.44017 0.0170962 0.0170962 1 1 0
6.42034 0.0170858 0.0170858 1 1 0
6.40051 0.0170752 0.0170752 1 1 0
6.38069 0.0170647 0.0170647 1 1 0
6.36086 0.0170541 0.0170541 1 1 0
6.34104 0.0170435 0.0170435 1 1 0
6.32122 0.0170329 0.0170329 1 1 0
6.30139 0.0170222 0.0170222 1 1 0
6.28157 0.0170115 0.0170115 1 1 0
6.26176 0.0170008 0.0170008 1 1 0
6.24194 0.01699 0.01699 1 1 0
6.22212 0.0169792 0.0169792 1 1 0
6.20231 0.0169683 0.0169683 1 1 0
6.18249 0.0169574 0.0169574 1 1 0
6.16268 0.0169465 0.0169465 1 1 0
6.14287 0.0169356 0.0169356 1 1 0
6.12306 0.0169246 0.0169246 1 1 0
6.10325 0.0169136 0.0169136 1 1 0
6.08344 0.0169025 0.0169025 1 1 0
6.06363 0.0168914 0.0168914 1 1 0
6.04383 0.0168803 0.0168803 1 1 0
6.02402 0.0168691 0.0168691 1 1 0
6.02402 0.0168691 0.0168691 2 1 0
5.98442 0.0168467 0.0168467 1 1 0
5.96462 0.0168354 0.0168354 1 1 0
5.94482 0.0168241 0.0168241 1 1 0
5.92502 0.0168128 0.0168128 1 1 0
5.90522 0.0168014 0.0168014 1 1 0
5.88543 0.01679 0.01679 1 1 0
5.86564 0.0167785 0.0167785 1 1 0
5.84584 0.016767 0.016767 1 1 0
5.82605 0.0167555 0.0167555 1 1 0
5.80626 0.0167439 0.0167439 1 1 0
5.78647 0.0167323 0.0167323 1 1 0
5.76669 0.0167206 0.0167206 1 1 0
5.7469 0.0167089 0.0167089 1 1 0
5.72712 0.0166972 0.0166972 1 1 0
5.70734 0.0166854 0.0166854 1 1 0
5.68756 0.0166736 0.0166736 1 1 0
5.66778 0.0166617 0.0166617 1 1 0
5.648 0.0166498 0.0166498 1 1 0
5.62822 0.0166379 0.0166379 1 1 0
5.60845 0.0166259 0.0166259 1 1 0
5.58868 0.0166139 0.0166139 1 1 0
5.56891 0.0166018 0.0166018 1 1 0
5.54914 0.0165897 0.0165897 1 1 0
5.52937 0.0165775 0.0165775 1 1 0
5.5096 0.0165653 0.0165653 1 1 0
5.48984 0.0165531 0.0165531 1 1 0
5.47007 0.0165408 0.0165408 1 1 0
5.45031 0.0165285 0.0165285 1 1 0
5.43055 0.0165161 0.0165161 1 1 0
5.4108 0.0165037 0.0165037 1 1 0
5.39104 0.0164912 0.0164912 1 1 0
5.37129 0.0164787 0.0164787 1 1 0
5.35153 0.0164662 0.0164662 1 1 0
5.33178 0.0164536 0.0164536 1 1 0
5.31204 0.0164409 0.0164409 1 1 0
5.29229 0.0164282 0.0164282 1 1 0
5.27254 0.0164155 0.0164155 1 1 0
5.2528 0.0164027 0.0164027 1 1 0
5.23306 0.0163899 0.0163899 1 1 0
5.21332 0.016377 0.016377 1 1 0
5.19358 0.0163641 0.0163641 1 1 0
5.17385 0.0163511 0.0163511 1 1 0
5.15412 0.0163381 0.0163381 1 1 0
5.13439 0.016325 0.016325 1 1 0
5.11466 0.0163119 0.0163119 1 1 0
5.09493 0.0162987 0.0162987 1 1 0
5.07521 0.0162854 0.0162854 1 1 0
5.05548 0.0162722 0.0162722 1 1 0
5.03576 0.0162588 0.0162588 1 1 0
5.01604 0.0162454 0.0162454 1 1 0
4.99633 0.016232 0.016232 1 1 0
4.97662 0.0162185 0.0162185 1 1 0
4.9569 0.016205 0.016205 1 1 0
4.93719 0.0161914 0.0161914 1 1 0
4.91749 0.0161777 0.0161777 1 1 0
4.89778 0.016164 0.016164 1 1 0
4.87808 0.0161503 0.0161503 1 1 0
4.85838 0.0161364 0.0161364 1 1 0
4.83869 0.0161226 0.0161226 1 1 0
4.81899 0.0161086 0.0161086 1 1 0
4.7993 0.0160947 0.0160947 1 1 0
4.77961 0.0160806 0.0160806 1 1 0
4.75992 0.0160665 0.0160665 1 1 0
4.74024 0.0160524 0.0160524 1 1 0
4.72056 0.0160381 0.0160381 1 1 0
4.70088 0.0160239 0.0160239 1 1 0
4.6812 0.0160095 0.0160095 1 1 0
4.66153 0.0159951 0.0159951 1 1 0
4.64186 0.0159807 0.0159807 1 1 0
4.62219 0.0159662 0.0159662 1 1 0
4.60252 0.0159516 0.0159516 1 1 0
4.58286 0.015937 0.015937 1 1 0
4.5632 0.0159223 0.0159223 1 1 0
4.54354 0.0159075 0.0159075 1 1 0
4.52389 0.0158927 0.0158927 1 1 0
4.50424 0.0158778 0.0158778 1 1 0
4.48459 0.0158628 0.0158628 1 1 0
4.46495 0.0158478 0.0158478 1 1 0
4.44531 0.0158327 0.0158327 1 1 0
4.42567 0.0158176 0.0158176 1 1 0
4.40603 0.0158024 0.0158024 1 1 0
4.3864 0.0157871 0.0157871 1 1 0
4.36678 0.0157717 0.0157717 1 1 0
4.34715 0.0157563 0.0157563 1 1 0
4.32753 0.0157408 0.0157408 1 1 0
4.30791 0.0157252 0.0157252 1 1 0
4.2883 0.0157096 0.0157096 1 1 0
4.26869 0.0156939 0.0156939 1 1 0
4.24908 0.0156781 0.0156781 1 1 0
4.22947 0.0156623 0.0156623 1 1 0
4.20987 0.0156464 0.0156464 1 1 0
4.19028 0.0156304 0.0156304 1 1 0
4.17069 0.0156143 0.0156143 1 1 0
4.1511 0.0155982 0.0155982 1 1 0
4.13151 0.0155819 0.0155819 1 1 0
4.11193 0.0155656 0.0155656 1 1 0
4.09235 0.0155493 0.0155493 1 1 0
4.07278 0.0155328 0.0155328 1 1 0
4.05321 0.0155163 0.0155163 1 1 0
4.03365 0.0154997 0.0154997 1 1 0
4.01409 0.015483 0.015483 1 1 0
3.99453 0.0154662 0.0154662 1 1 0
3.97498 0.0154494 0.0154494 1 1 0
3.95543 0.0154325 0.0154325 1 1 0
3.93589 0.0154154 0.0154154 1 1 0
3.91635 0.0153983 0.0153983 1 1 0
3.89682 0.0153812 0.0153812 1 1 0
3.87729 0.0153639 0.0153639 1 1 0
3.85777 0.0153465 0.0153465 1 1 0
3.83825 0.0153291 0.0153291 1 1 0
3.81874 0.0153116 0.0153116 1 1 0
3.79923 0.015294 0.015294 1 1 0
3.77972 0.0152763 0.0152763 1 1 0
3.76022 0.0152585 0.0152585 1 1 0
3.74073 0.0152406 0.0152406 1 1 0
3.72124 0.0152226 0.0152226 1 1 0
3.70176 0.0152045 0.0152045 1 1 0
3.68228 0.0151863 0.0151863 1 1 0
3.66281 0.0151681 0.0151681 1 1 0
3.64334 0.0151497 0.0151497 1 1 0
3.62388 0.0151313 0.0151313 1 1 0
3.60443 0.0151127 0.0151127 1 1 0
3.58498 0.0150941 0.0150941 1 1 0
3.56554 0.0150753 0.0150753 1 1 0
3.5461 0.0150565 0.0150565 1 1 0
3.52667 0.0150375 0.0150375 1 1 0
3.50725 0.0150184 0.0150184 1 1 0
3.48783 0.0149993 0.0149993 1 1 0
3.46842 0.01498 0.01498 1 1 0
3.44901 0.0149606 0.0149606 1 1 0
3.42961 0.0149412 0.0149412 1 1 0
3.41022 0.0149216 0.0149216 1 1 0
3.39084 0.0149019 0.0149019 1 1 0
3.37146 0.0148821 0.0148821 1 1 0
3.35209 0.0148621 0.0148621 1 1 0
3.33273 0.0148421 0.0148421 1 1 0
3.31337 0.0148219 0.0148219 1 1 0
3.29403 0.0148017 0.0148017 1 1 0
3.27469 0.0147813 0.0147813 1 1 0
3.25535 0.0147608 0.0147608 1 1 0
3.23603 0.0147402 0.0147402 1 1 0
3.21671 0.0147194 0.0147194 1 1 0
3.19741 0.0146985 0.0146985 1 1 0
3.17811 0.0146776 0.0146776 1 1 0
3.15882 0.0146564 0.0146564 1 1 0
3.13954 0.0146352 0.0146352 1 1 0
3.12026 0.0146138 0.0146138 1 1 0
3.101 0.0145923 0.0145923 1 1 0
3.08174 0.0145707 0.0145707 1 1 0
3.0625 0.0145489 0.0145489 1 1 0
3.04326 0.014527 0.014527 1 1 0
3.02403 0.014505 0.014505 1 1 0
3.00482 0.0144828 0.0144828 1 1 0
2.98561 0.0144605 0.0144605 1 1 0
2.96641 0.0144381 0.0144381 1 1 0
2.94723 0.0144155 0.0144155 1 1 0
2.92805 0.0143927 0.0143927 1 1 0
2.90889 0.0143699 0.0143699 1 1 0
2.88974 0.0143468 0.0143468 1 1 0
2.87059 0.0143237 0.0143237 1 1 0
2.85146 0.0143003 0.0143003 1 1 0
2.83234 0.0142768 0.0142768 1 1 0
2.81324 0.0142532 0.0142532 1 1 0
2.79414 0.0142294 0.0142294 1 1 0
2.77506 0.0142055 0.0142055 1 1 0
2.75599 0.0141814 0.0141814 1 1 0
2.73693 0.0141571 0.0141571 1 1 0
2.71789 0.0141327 0.0141327 1 1 0
2.69886 0.0141081 0.0141081 1 1 0
2.67984 0.0140833 0.0140833 1 1 0
2.66083 0.0140583 0.0140583 1 1 0
2.64185 0.0140332 0.0140332 1 1 0
2.62287 0.0140079 0.0140079 1 1 0
2.60391 0.0139825 0.0139825 1 1 0
2.58497 0.0139568 0.0139568 1 1 0
2.56604 0.013931 0.013931 1 1 0
2.54712 0.013905 0.013905 1 1 0
2.52823 0.0138788 0.0138788 1 1 0
2.50935 0.0138524 0.0138524 1 1 0
2.49048 0.0138258 0.0138258 1 1 0
2.47163 0.0137991 0.0137991 1 1 0
2.4528 0.0137721 0.0137721 1 1 0
2.43399 0.0137449 0.0137449 1 1 0
2.4152 0.0137176 0.0137176 1 1 0
2.39642 0.01369 0.01369 1 1 0
2.37767 0.0136622 0.0136622 1 1 0
2.35893 0.0136342 0.0136342 1 1 0
2.34022 0.013606 0.013606 1 1 0
2.32152 0.0135776 0.0135776 1 1 0
2.30284 0.013549 0.013549 1 1 0
2.28419 0.0135201 0.0135201 1 1 0
2.26556 0.0134911 0.0134911 1 1 0
2.24695 0.0134618 0.0134618 1 1 0
2.22836 0.0134322 0.0134322 1 1 0
2.2098 0.0134025 0.0134025 1 1 0
2.19126 0.0133725 0.0133725 1 1 0
2.17274 0.0133422 0.0133422 1 1 0
2.15425 0.0133117 0.0133117 1 1 0
2.13578 0.013281 0.013281 1 1 0
2.13578 0.013281 0.013281 2 1 0
2.09893 0.0132188 0.0132188 1 1 0
2.08054 0.0131873 0.0131873 1 1 0
2.06219 0.0131556 0.0131556 1 1 0
2.04386 0.0131236 0.0131236 1 1 0
2.02556 0.0130913 0.0130913 1 1 0
2.00729 0.0130587 0.0130587 1 1 0
1.98905 0.0130259 0.0130259 1 1 0
1.97084 0.0129928 0.0129928 1 1 0
1.95267 0.0129594 0.0129594 1 1 0
1.93452 0.0129257 0.0129257 1 1 0
1.91642 0.0128918 0.0128918 1 1 0
1.89834 0.0128575 0.0128575 1 1 0
1.8803 0.012823 0.012823 1 1 0
1.8623 0.0127881 0.0127881 1 1 0
1.84434 0.0127529 0.0127529 1 1 0
1.82641 0.0127175 0.0127175 1 1 0
1.80852 0.0126817 0.0126817 1 1 0
1.79068 0.0126456 0.0126456 1 1 0
1.77287 0.0126091 0.0126091 1 1 0
1.75511 0.0125724 0.0125724 1 1 0
1.73739 0.0125353 0.0125353 1 1 0
1.71971 0.0124978 0.0124978 1 1 0
1.70208 0.0124601 0.0124601 1 1 0
1.6845 0.0124219 0.0124219 1 1 0
1.66696 0.0123835 0.0123835 1 1 0
1.64948 0.0123446 0.0123446 1 1 0
1.63204 0.0123054 0.0123054 1 1 0
1.61466 0.0122659 0.0122659 1 1 0
1.59733 0.0122259 0.0122259 1 1 0
1.58005 0.0121856 0.0121856 1 1 0
1.56283 0.012145 0.012145 1 1 0
1.54567 0.0121039 0.0121039 1 1 0
1.52856 0.0120624 0.0120624 1 1 0
1.51152 0.0120206 0.0120206 1 1 0
1.49453 0.0119783 0.0119783 1 1 0
1.47761 0.0119357 0.0119357 1 1 0
1.46076 0.0118926 0.0118926 1 1 0
1.44397 0.0118491 0.0118491 1 1 0
1.42725 0.0118052 0.0118052 1 1 0
1.4106 0.0117609 0.0117609 1 1 0
1.39402 0.0117161 0.0117161 1 1 0
1.37752 0.0116709 0.0116709 1 1 0
1.36109 0.0116253 0.0116253 1 1 0
1.34474 0.0115792 0.0115792 1 1 0
1.32847 0.0115327 0.0115327 1 1 0
1.31228 0.0114857 0.0114857 1 1 0
1.29617 0.0114383 0.0114383 1 1 0
1.28015 0.0113904 0.0113904 1 1 0
1.26422 0.0113421 0.0113421 1 1 0
1.24837 0.0112932 0.0112932 1 1 0
1.23262 0.0112439 0.0112439 1 1 0
1.21696 0.0111942 0.0111942 1 1 0
1.2014 0.0111439 0.0111439 1 1 0
1.18594 0.0110932 0.0110932 1 1 0
1.17058 0.0110419 0.0110419 1 1 0
1.15532 0.0109902 0.0109902 1 1 0
1.14017 0.010938 0.010938 1 1 0
1.12512 0.0108853 0.0108853 1 1 0
1.11019 0.0108321 0.0108321 1 1 0
1.09537 0.0107784 0.0107784 1 1 0
1.08066 0.0107241 0.0107241 1 1 0
1.06607 0.0106694 0.0106694 1 1 0
1.0516 0.0106142 0.0106142 1 1 0
1.03725 0.0105584 0.0105584 1 1 0
1.02303 0.0105022 0.0105022 1 1 0
1.00894 0.0104454 0.0104454 1 1 0
0.994974 0.0103881 0.0103881 1 1 0
0.981141 0.0103304 0.0103304 1 1 0
0.967443 0.0102721 0.0102721 1 1 0
0.953882 0.0102133 0.0102133 1 1 0
0.940459 0.0101539 0.0101539 1 1 0
0.927178 0.0100941 0.0100941 1 1 0
0.914041 0.0100338 0.0100338 1 1 0
0.90105 0.00997297 0.00997297 1 1 0
0.888206 0.00991164 0.00991164 1 1 0
0.875512 0.00984982 0.00984982 1 1 0
0.86297 0.0097875 0.0097875 1 1 0
0.850582 0.00972468 0.00972468 1 1 0
0.83835 0.00966139 0.00966139 1 1 0
0.826275 0.00959761 0.00959761 1 1 0
0.814359 0.00953335 0.00953335 1 1 0
0.802604 0.00946863 0.00946863 1 1 0
0.791011 0.00940343 0.00940343 1 1 0
0.779581 0.00933778 0.00933778 1 1 0
0.768316 0.00927167 0.00927167 1 1 0
0.757217 0.00920512 0.00920512 1 1 0
0.746285 0.00913812 0.00913812 1 1 0
0.735521 0.00907069 0.00907069 1 1 0
0.724925 0.00900284 0.00900284 1 1 0
0.714499 0.00893457 0.00893457 1 1 0
0.704242 0.00886588 0.00886588 1 1 0
0.694157 0.0087968 0.0087968 1 1 0
0.684241 0.00872732 0.00872732 1 1 0
0.674497 0.00865746 0.00865746 1 1 0
0.664923 0.00858723 0.00858723 1 1 0
0.655519 0.00851662 0.00851662 1 1 0
0.646286 0.00844566 0.00844566 1 1 0
0.637223 0.00837434 0.00837434 1 1 0
0.628329 0.00830269 0.00830269 1 1 0
0.619605 0.0082307 0.0082307 1 1 0
0.611048 0.00815839 0.00815839 1 1 0
0.602659 0.00808577 0.00808577 1 1 0
0.594437 0.00801284 0.00801284 1 1 0
0.58638 0.00793962 0.00793962 1 1 0
0.578487 0.00786612 0.00786612 1 1 0
0.570757 0.00779234 0.00779234 1 1 0
0.563188 0.00771829 0.00771829 1 1 0
0.55578 0.00764398 0.00764398 1 1 0
0.54853 0.00756942 0.00756942 1 1 0
0.541438 0.00749462 0.00749462 1 1 0
0.5345 0.00741959 0.00741959 1 1 0
0.527716 0.00734433 0.00734433 1 1 0
0.521084 0.00726885 0.00726885 1 1 0
0.514602 0.00719317 0.00719317 1 1 0
0.508267 0.00711729 0.00711729 1 1 0
0.502078 0.00704121 0.00704121 1 1 0
0.496033 0.00696495 0.00696495 1 1 0
0.49013 0.00688851 0.00688851 1 1 0
0.484367 0.00681191 0.00681191 1 1 0
0.478741 0.00673513 0.00673513 1 1 0
0.47325 0.00665821 0.00665821 1 1 0
0.467892 0.00658113 0.00658113 1 1 0
0.462665 0.00650391 0.00650391 1 1 0
0.457567 0.00642655 0.00642655 1 1 0
0.452595 0.00634906 0.00634906 1 1 0
0.447747 0.00627145 0.00627145 1 1 0
0.44302 0.00619371 0.00619371 1 1 0
0.438413 0.00611586 0.00611586 1 1 0
0.433924 0.0060379 0.0060379 1 1 0
0.429549 0.00595984 0.00595984 1 1 0
0.425287 0.00588168 0.00588168 1 1 0
0.421136 0.00580342 0.00580342 1 1 0
0.417092 0.00572507 0.00572507 1 1 0
0.413155 0.00564663 0.00564663 1 1 0
0.409321 0.00556812 0.00556812 1 1 0
0.405589 0.00548952 0.00548952 1 1 0
0.401957 0.00541085 0.00541085 1 1 0
0.398421 0.00533211 0.00533211 1 1 0
0.394981 0.0052533 0.0052533 1 1 0
0.391634 0.00517443 0.00517443 1 1 0
0.388378 0.0050955 0.0050955 1 1 0
0.38521 0.00501651 0.00501651 1 1 0
0.38213 0.00493746 0.00493746 1 1 0
0.379134 0.00485836 0.00485836 1 1 0
0.376222 0.00477922 0.00477922 1 1 0
0.37339 0.00470002 0.00470002 1 1 0
0.370638 0.00462078 0.00462078 1 1 0
0.367963 0.0045415 0.0045415 1 1 0
0.365363 0.00446218 0.00446218 1 1 0
0.362837 0.00438282 0.00438282 1 1 0
0.360383 0.00430343 0.00430343 1 1 0
0.357999 0.004224 0.004224 1 1 0
0.355684 0.00414454 0.00414454 1 1 0
0.353435 0.00406504 0.00406504 1 1 0
0.351251 0.00398552 0.00398552 1 1 0
0.349131 0.00390597 0.00390597 1 1 0
0.347072 0.0038264 0.0038264 1 1 0
0.345074 0.0037468 0.0037468 1 1 0
0.343135 0.00366718 0.00366718 1 1 0
0.341253 0.00358753 0.00358753 1 1 0
0.339427 0.00350787 0.00350787 1 1 0
0.337655 0.00342818 0.00342818 1 1 0
0.335937 0.00334848 0.00334848 1 1 0
0.33427 0.00326875 0.00326875 1 1 0
0.332654 0.00318902 0.00318902 1 1 0
0.331087 0.00310926 0.00310926 1 1 0
0.329567 0.00302949 0.00302949 1 1 0
0.328094 0.00294971 0.00294971 1 1 0
0.326667 0.00286992 0.00286992 1 1 0
0.325283 0.00279011 0.00279011 1 1 0
0.323943 0.00271029 0.00271029 1 1 0
0.322644 0.00263046 0.00263046 1 1 0
0.321386 0.00255062 0.00255062 1 1 0
0.320168 0.00247077 0.00247077 1 1 0
0.318988 0.00239091 0.00239091 1 1 0
0.317846 0.00231104 0.00231104 1 1 0
0.316741 0.00223116 0.00223116 1 1 0
0.315671 0.00215128 0.00215128 1 1 0
0.314635 0.00207138 0.00207138 1 1 0
0.313633 0.00199148 0.00199148 1 1 0
0.312664 0.00191158 0.00191158 1 1 0
0.311727 0.00183167 0.00183167 1 1 0
0.310821 0.00175175 0.00175175 1 1 0
0.309945 0.00167183 0.00167183 1 1 0
0.309098 0.0015919 0.0015919 1 1 0
0.30828 0.00151197 0.00151197 1 1 0
0.30749 0.00143203 0.00143203 1 1 0
0.306726 0.00135209 0.00135209 1 1 0
0.305988 0.00127214 0.00127214 1 1 0
0.305276 0.00119219 0.00119219 1 1 0
0.304589 0.00111224 0.00111224 1 1 0
0.303926 0.00103229 0.00103229 1 1 0
0.303286 0.000952329 0.000952329 1 1 0
0.302669 0.000872368 0.000872368 1 1 0
0.302073 0.000792404 0.000792404 1 1 0
0.3015 0.000712437 0.000712437 1 1 0
0.300947 0.000632468 0.000632468 1 1 0
0.300414 0.000552497 0.000552497 1 1 0
0.299901 0.000472524 0.000472524 1 1 0
0.299901 0.000472524 0.000472524 2 1 0
0.298931 0.000312572 0.000312572 1 1 0
0.298473 0.000232594 0.000232594 1 1 0
0.298033 0.000152614 0.000152614 1 1 0
0.29761 7.26325e-05 7.26325e-05 1 1 0
0.297241 1.34505e-07 1.34505e-07 1 1 0
0.296848 -7.98495e-05 -7.98495e-05 2 1 0
0.296472 -0.000159835 -0.000159835 2 1 0
0.29611 -0.000239821 -0.000239821 2 1 0
0.295763 -0.000319808 -0.000319808 2 1 0
0.29543 -0.000399797 -0.000399797 2 1 0
0.295111 -0.000479786 -0.000479786 2 1 0
0.294805 -0.000559776 -0.000559776 2 1 0
0.294512 -0.000639767 -0.000639767 2 1 0
0.294232 -0.000719758 -0.000719758 2 1 0
0.293964 -0.00079975 -0.00079975 2 1 0
0.293707 -0.000879743 -0.000879743 2 1 0
0.293462 -0.000959737 -0.000959737 2 1 0
0.293228 -0.00103973 -0.00103973 2 1 0
0.293005 -0.00111972 -0.00111972 2 1 0
0.292793 -0.00119972 -0.00119972 2 1 0
0.29259 -0.00127972 -0.00127972 2 1 0
0.292397 -0.00135971 -0.00135971 2 1 0
0.292214 -0.00143971 -0.00143971 2 1 0
0.29204 -0.0015197 -0.0015197 2 1 0
0.291874 -0.0015997 -0.0015997 2 1 0
0.291717 -0.0016797 -0.0016797 2 1 0
0.291569 -0.00175969 -0.00175969 2 1 0
0.291429 -0.00183969 -0.00183969 2 1 0
0.291296 -0.00191969 -0.00191969 2 1 0
0.291171 -0.00199969 -0.00199969 2 1 0
0.291053 -0.00207968 -0.00207968 2 1 0
0.290942 -0.00215968 -0.00215968 2 1 0
0.290838 -0.00223968 -0.00223968 2 1 0
0.290741 -0.00231968 -0.00231968 2 1 0
0.29065 -0.00239968 -0.00239968 2 1 0
0.290565 -0.00247968 -0.00247968 2 1 0
0.290486 -0.00255968 -0.00255968 2 1 0
0.290413 -0.00263967 -0.00263967 2 1 0
0.290345 -0.00271967 -0.00271967 2 1 0
0.290283 -0.00279967 -0.00279967 2 1 0
0.290226 -0.00287967 -0.00287967 2 1 0
0.290174 -0.00295967 -0.00295967 2 1 0
0.290127 -0.00303967 -0.00303967 2 1 0
0.290084 -0.00311967 -0.00311967 2 1 0
0.290046 -0.00319967 -0.00319967 2 1 0
0.290012 -0.00327967 -0.00327967 2 1 0
0.289982 -0.00335967 -0.00335967 2 1 0
0.289957 -0.00343967 -0.00343967 2 1 0
0.289935 -0.00351966 -0.00351966 2 1 0
0.289917 -0.00359966 -0.00359966 2 1 0
0.289902 -0.00367966 -0.00367966 2 1 0
0.289891 -0.00375966 -0.00375966 2 1 0
0.289883 -0.00383966 -0.00383966 2 1 0
0.289879 -0.00391966 -0.00391966 2 1 0
0.289877 -0.00399966 -0.00399966 2 1 0
0.289877 -0.00400001 -0.00400001 1 1 0
0.289879 -0.00408001 -0.00408001 1 1 0
0.289883 -0.00416001 -0.00416001 1 1 0
0.28989 -0.00424 -0.00424 1 1 0
0.2899 -0.00432 -0.00432 1 1 0
0.289912 -0.0044 -0.0044 1 1 0
0.289926 -0.00448 -0.00448 1 1 0
0.289943 -0.00456 -0.00456 1 1 0
0.289962 -0.00464 -0.00464 1 1 0
0.289983 -0.00472 -0.00472 1 1 0
0.290006 -0.0048 -0.0048 1 1 0
0.290031 -0.00488 -0.00488 1 1 0
0.290058 -0.00496 -0.00496 1 1 0
0.290087 -0.00504 -0.00504 1 1 0
0.290117 -0.00512 -0.00512 1 1 0
0.290149 -0.0052 -0.0052 1 1 0
0.290183 -0.00528 -0.00528 1 1 0
0.290218 -0.00536 -0.00536 1 1 0
0.290254 -0.00543999 -0.00543999 1 1 0
0.290291 -0.00551999 -0.00551999 1 1 0
0.29033 -0.00559999 -0.00559999 1 1 0
0.29037 -0.00567999 -0.00567999 1 1 0
0.290412 -0.00575999 -0.00575999 1 1 0
0.290454 -0.00583999 -0.00583999 1 1 0
0.290497 -0.00591999 -0.00591999 1 1 0
0.290541 -0.00599999 -0.00599999 1 1 0
0.290586 -0.00607999 -0.00607999 1 1 0
0.290632 -0.00615999 -0.00615999 1 1 0
0.290679 -0.00623999 -0.00623999 1 1 0
0.290727 -0.00631999 -0.00631999 1 1 0
0.290775 -0.00639998 -0.00639998 1 1 0
0.290823 -0.00647998 -0.00647998 1 1 0
0.290873 -0.00655998 -0.00655998 1 1 0
0.290923 -0.00663998 -0.00663998 1 1 0
0.290973 -0.00671998 -0.00671998 1 1 0
0.291024 -0.00679998 -0.00679998 1 1 0
0.291076 -0.00687998 -0.00687998 1 1 0
0.291128 -0.00695998 -0.00695998 1 1 0
0.29118 -0.00703998 -0.00703998 1 1 0
0.291232 -0.00711998 -0.00711998 1 1 0
0.291285 -0.00719998 -0.00719998 1 1 0
0.291338 -0.00727997 -0.00727997 1 1 0
0.291391 -0.00735997 -0.00735997 1 1 0
0.291445 -0.00743997 -0.00743997 1 1 0
0.291498 -0.00751997 -0.00751997 1 1 0
0.291552 -0.00759997 -0.00759997 1 1 0
0.291606 -0.00767997 -0.00767997 1 1 0
0.29166 -0.00775997 -0.00775997 1 1 0
0.291714 -0.00783997 -0.00783997 1 1 0
0.291769 -0.00791997 -0.00791997 1 1 0
0.291823 -0.00799997 -0.00799997 1 1 0
0.291877 -0.00807997 -0.00807997 1 1 0
0.291931 -0.00815996 -0.00815996 1 1 0
0.291985 -0.00823996 -0.00823996 1 1 0
0.292039 -0.00831996 -0.00831996 1 1 0
0.292093 -0.00839996 -0.00839996 1 1 0
0.292147 -0.00847996 -0.00847996 1 1 0
0.292201 -0.00855996 -0.00855996 1 1 0
0.292254 -0.00863996 -0.00863996 1 1 0
0.292308 -0.00871996 -0.00871996 1 1 0
0.292361 -0.00879996 -0.00879996 1 1 0
0.292414 -0.00887996 -0.00887996 1 1 0
0.292467 -0.00895996 -0.00895996 1 1 0
0.29252 -0.00903995 -0.00903995 1 1 0
0.292572 -0.00911995 -0.00911995 1 1 0
0.292625 -0.00919995 -0.00919995 1 1 0
0.292677 -0.00927995 -0.00927995 1 1 0
0.292729 -0.00935995 -0.00935995 1 1 0
0.29278 -0.00943995 -0.00943995 1 1 0
0.292831 -0.00951995 -0.00951995 1 1 0
0.292882 -0.00959995 -0.00959995 1 1 0
0.292933 -0.00967995 -0.00967995 1 1 0
0.292983 -0.00975995 -0.00975995 1 1 0
0.293034 -0.00983995 -0.00983995 1 1 0
0.293083 -0.00991994 -0.00991994 1 1 0
0.293133 -0.00999994 -0.00999994 1 1 0
0.293182 -0.0100799 -0.0100799 1 1 0
0.293231 -0.0101599 -0.0101599 1 1 0
0.293279 -0.0102399 -0.0102399 1 1 0
0.293327 -0.0103199 -0.0103199 1 1 0
0.293375 -0.0103999 -0.0103999 1 1 0
0.293422 -0.0104799 -0.0104799 1 1 0
0.293469 -0.0105599 -0.0105599 1 1 0
0.293516 -0.0106399 -0.0106399 1 1 0
0.293562 -0.0107199 -0.0107199 1 1 0
0.293608 -0.0107999 -0.0107999 1 1 0
0.293654 -0.0108799 -0.0108799 1 1 0
0.293699 -0.0109599 -0.0109599 1 1 0
0.293744 -0.0110399 -0.0110399 1 1 0
0.293788 -0.0111199 -0.0111199 1 1 0
0.293832 -0.0111999 -0.0111999 1 1 0
0.293876 -0.0112799 -0.0112799 1 1 0
0.293919 -0.0113599 -0.0113599 1 1 0
0.293962 -0.0114399 -0.0114399 1 1 0
0.294004 -0.0115199 -0.0115199 1 1 0
0.294046 -0.0115999 -0.0115999 1 1 0
0.294088 -0.0116799 -0.0116799 1 1 0
0.294129 -0.0117599 -0.0117599 1 1 0
0.29417 -0.0118399 -0.0118399 1 1 0
0.294211 -0.0119199 -0.0119199 1 1 0
0.294251 -0.0119999 -0.0119999 1 1 0
0.29429 -0.0120799 -0.0120799 1 1 0
0.294329 -0.0121599 -0.0121599 1 1 0
0.294368 -0.0122399 -0.0122399 1 1 0
0.294407 -0.0123199 -0.0123199 1 1 0
0.294445 -0.0123999 -0.0123999 1 1 0
0.294483 -0.0124799 -0.0124799 1 1 0
0.29452 -0.0125599 -0.0125599 1 1 0
0.294557 -0.0126399 -0.0126399 1 1 0
0.294593 -0.0127199 -0.0127199 1 1 0
0.294629 -0.0127999 -0.0127999 1 1 0
0.294665 -0.0128799 -0.0128799 1 1 0
0.2947 -0.0129599 -0.0129599 1 1 0
0.294735 -0.0130399 -0.0130399 1 1 0
0.29477 -0.0131199 -0.0131199 1 1 0
0.294804 -0.0131999 -0.0131999 1 1 0
0.294838 -0.0132799 -0.0132799 1 1 0
0.294871 -0.0133599 -0.0133599 1 1 0
0.294904 -0.0134399 -0.0134399 1 1 0
0.294937 -0.0135199 -0.0135199 1 1 0
0.294969 -0.0135999 -0.0135999 1 1 0
0.295001 -0.0136799 -0.0136799 1 1 0
0.295032 -0.0137599 -0.0137599 1 1 0
0.295063 -0.0138399 -0.0138399 1 1 0
0.295094 -0.0139199 -0.0139199 1 1 0
0.295125 -0.0139999 -0.0139999 1 1 0
0.295155 -0.0140799 -0.0140799 1 1 0
0.295184 -0.0141599 -0.0141599 1 1 0
0.295214 -0.0142399 -0.0142399 1 1 0
0.295243 -0.0143199 -0.0143199 1 1 0
0.295271 -0.0143999 -0.0143999 1 1 0
0.295299 -0.0144799 -0.0144799 1 1 0
0.295327 -0.0145599 -0.0145599 1 1 0
0.295355 -0.0146399 -0.0146399 1 1 0
0.295382 -0.0147199 -0.0147199 1 1 0
0.295409 -0.0147999 -0.0147999 1 1 0
0.295436 -0.0148799 -0.0148799 1 1 0
0.295462 -0.0149599 -0.0149599 1 1 0
0.295488 -0.0150399 -0.0150399 1 1 0
0.295513 -0.0151199 -0.0151199 1 1 0
0.295539 -0.0151999 -0.0151999 1 1 0
0.295563 -0.0152799 -0.0152799 1 1 0
0.295588 -0.0153599 -0.0153599 1 1 0
0.295612 -0.0154399 -0.0154399 1 1 0
0.297241 1.34505e-07 1.34505e-07 2 2 0
0.280963 9.59627e-19 9.59627e-19 1 2 0
0.264688 -9.32514e-12 -9.32514e-12 1 2 0
0.248414 -9.09606e-18 -9.09606e-18 1 2 0
0.232139 6.8369e-21 6.8369e-21 1 2 0
0.215864 1.2326e-32 1.2326e-32 1 2 0
0.19959 3.00927e-36 3.00927e-36 1 2 0
0.183315 -4.10537e-48 -4.10537e-48 1 2 0
0.16704 1.33638e-51 1.33638e-51 1 2 0
0.150766 -6.07716e-64 -6.07716e-64 1 2 0
0.134491 2.96736e-67 2.96736e-67 1 2 0
0.118216 -1.3494e-79 -1.3494e-79 1 2 0
0.101942 0 0 1 2 0
0.0856669 0 0 1 2 0
0.0693923 0 0 1 2 0
0.0531176 0 0 1 2 0
0.0368429 0 0 1 2 0
0.0205682 0 0 1 2 0
0.00429358 0 0 1 2 0
-0.0119811 0 0 1 2 0
0.297241 1.34505e-07 1.34505e-07 2 2 0
0.313517 4.40502e-19 4.40502e-19 1 2 0
0.329792 -8.91491e-12 -8.91491e-12 2 2 0
0.346066 -8.23021e-18 -8.23021e-18 2 2 0
0.362341 -5.86906e-21 -5.86906e-21 2 2 0
0.378616 7.70372e-33 7.70372e-33 2 2 0
0.39489 6.01853e-36 6.01853e-36 2 2 0
0.411165 1.36846e-48 1.36846e-48 2 2 0
0.42744 4.00915e-51 4.00915e-51 2 2 0
0.443714 -6.07716e-64 -6.07716e-64 2 2 0
0.459989 5.93473e-67 5.93473e-67 2 2 0
0.476264 6.74701e-79 6.74701e-79 2 2 0
0.492538 -1.97666e-82 -1.97666e-82 2 2 0
0.508813 1.19851e-94 1.19851e-94 2 2 0
0.525088 -8.77814e-98 -8.77814e-98 2 2 0
0.541362 2.66122e-110 2.66122e-110 2 2 0
0.557637 2.59885e-113 2.59885e-113 2 2 0
0.573912 5.90911e-126 5.90911e-126 2 2 0
0.590186 8.65592e-129 8.65592e-129 2 2 0
0.606461 0 0 2 2 0
0.622736 -1.28133e-144 -1.28133e-144 2 2 0
0.63901 5.69026e-160 5.69026e-160 2 2 0
0.655285 2.84513e-160 2.84513e-160 2 2 0
0.67156 0 0 2 2 0
0.687834 1.26349e-175 1.26349e-175 2 2 0
0.704109 -1.68331e-190 -1.68331e-190 2 2 0
0.720384 -5.61103e-191 -5.61103e-191 2 2 0
0.736658 6.2295e-207 6.2295e-207 2 2 0
0.752933 -2.4918e-206 -2.4918e-206 2 2 0
0.769208 -4.42632e-221 -4.42632e-221 2 2 0
0.785482 1.65987e-221 1.65987e-221 2 2 0
0.801757 9.82841e-237 9.82841e-237 2 2 0
0.818032 7.37131e-237 7.37131e-237 2 2 0
0.834306 5.45587e-253 5.45587e-253 2 2 0
0.850581 -1.09117e-252 -1.09117e-252 2 2 0
0.866856 -4.84578e-268 -4.84578e-268 2 2 0
0.88313 2.42289e-268 2.42289e-268 2 2 0
0.899405 -2.15196e-283 -2.15196e-283 2 2 0
0.91568 1.61397e-283 1.61397e-283 2 2 0
0.931954 0 0 2 2 0
0.948229 0 0 2 2 0
0.964504 0 0 2 2 0
0.980778 0 0 2 2 0
0.997053 0 0 2 2 0
1.01333 0 0 2 2 0
1.0296 0 0 2 2 0
1.04588 0 0 2 2 0
1.06215 0 0 2 2 0
1.07843 0 0 2 2 0
1.0947 0 0 2 2 0
1.11098 0 0 2 2 0
1.12725 0 0 2 2 0
1.14353 0 0 2 2 0
1.1598 0 0 2 2 0
1.17607 0 0 2 2 0
1.19235 0 0 2 2 0
1.20862 0 0 2 2 0
1.2249 0 0 2 2 0
1.24117 0 0 2 2 0
1.25745 0 0 2 2 0
1.27372 0 0 2 2 0
1.29 0 0 2 2 0
1.30627 0 0 2 2 0
1.32255 0 0 2 2 0
1.33882 0 0 2 2 0
1.3551 0 0 2 2 0
1.37137 0 0 2 2 0
1.38765 0 0 2 2 0
1.40392 0 0 2 2 0
1.42019 0 0 2 2 0
1.43647 0 0 2 2 0
1.45274 0 0 2 2 0
1.46902 0 0 2 2 0
1.48529 0 0 2 2 0
1.50157 0 0 2 2 0
1.51784 0 0 2 2 0
1.53412 0 0 2 2 0
1.55039 0 0 2 2 0
1.56667 0 0 2 2 0
1.58294 0 0 2 2 0
1.59922 0 0 2 2 0
1.61549 0 0 2 2 0
1.63177 0 0 2 2 0
1.64804 0 0 2 2 0
1.66431 0 0 2 2 0
1.68059 0 0 2 2 0
1.69686 0 0 2 2 0
1.71314 0 0 2 2 0
1.72941 0 0 2 2 0
1.74569 0 0 2 2 0
1.76196 0 0 2 2 0
1.77824 0 0 2 2 0
1.79451 0 0 2 2 0
1.81079 0 0 2 2 0
1.82706 0 0 2 2 0
1.84334 0 0 2 2 0
1.85961 0 0 2 2 0
1.87589 0 0 2 2 0
1.89216 0 0 2 2 0
1.90843 0 0 2 2 0
1.92471 0 0 2 2 0
1.94098 0 0 2 2 0
1.95726 0 0 2 2 0
1.97353 0 0 2 2 0
1.98981 0 0 2 2 0
2.00608 0 0 2 2 0
2.02236 0 0 2 2 0
2.03863 0 0 2 2 0
2.05491 0 0 2 2 0
2.07118 0 0 2 2 0
2.08746 0 0 2 2 0
2.10373 0 0 2 2 0
2.12001 0 0 2 2 0
2.13628 0 0 2 2 0
2.15255 0 0 2 2 0
2.16883 0 0 2 2 0
2.1851 0 0 2 2 0
2.20138 0 0 2 2 0
2.21765 0 0 2 2 0
2.23393 0 0 2 2 0
2.2502 0 0 2 2 0
2.26648 0 0 2 2 0
2.28275 0 0 2 2 0
2.29903 0 0 2 2 0
2.3153 0 0 2 2 0
2.33158 0 0 2 2 0
2.34785 0 0 2 2 0
2.36413 0 0 2 2 0
2.3804 0 0 2 2 0
2.39667 0 0 2 2 0
2.41295 0 0 2 2 0
2.42922 0 0 2 2 0
2.4455 0 0 2 2 0
2.46177 0 0 2 2 0
2.47805 0 0 2 2 0
2.49432 0 0 2 2 0
2.5106 0 0 2 2 0
2.52687 0 0 2 2 0
2.54315 0 0 2 2 0
2.55942 0 0 2 2 0
2.5757 0 0 2 2 0
2.59197 0 0 2 2 0
2.60825 0 0 2 2 0
2.62452 0 0 2 2 0
2.64079 0 0 2 2 0
2.65707 0 0 2 2 0
2.67334 0 0 2 2 0
2.68962 0 0 2 2 0
2.70589 0 0 2 2 0
2.72217 0 0 2 2 0
2.73844 0 0 2 2 0
2.75472 0 0 2 2 0
2.77099 0 0 2 2 0
2.78727 0 0 2 2 0
2.80354 0 0 2 2 0
2.81982 0 0 2 2 0
2.83609 0 0 2 2 0
2.85237 0 0 2 2 0
2.86864 0 0 2 2 0
2.88491 0 0 2 2 0
2.90119 0 0 2 2 0
2.91746 0 0 2 2 0
2.93374 0 0 2 2 0
2.95001 0 0 2 2 0
2.96629 0 0 2 2 0
2.98256 0 0 2 2 0
2.99884 0 0 2 2 0
3.01511 0 0 2 2 0
3.03139 0 0 2 2 0
3.04766 0 0 2 2 0
3.06394 0 0 2 2 0
3.08021 0 0 2 2 0
3.09649 0 0 2 2 0
3.11276 0 0 2 2 0
3.12903 0 0 2 2 0
3.14531 0 0 2 2 0
3.16158 0 0 2 2 0
3.17786 0 0 2 2 0
3.19413 0 0 2 2 0
3.21041 0 0 2 2 0
3.22668 0 0 2 2 0
3.24296 0 0 2 2 0
3.25923 0 0 2 2 0
3.27551 0 0 2 2 0
3.29178 0 0 2 2 0
3.30806 0 0 2 2 0
3.32433 0 0 2 2 0
3.34061 0 0 2 2 0
3.35688 0 0 2 2 0
3.37315 0 0 2 2 0
3.38943 0 0 2 2 0
3.4057 0 0 2 2 0
3.42198 0 0 2 2 0
3.43825 0 0 2 2 0
3.45453 0 0 2 2 0
3.4708 0 0 2 2 0
3.48708 0 0 2 2 0
3.50335 0 0 2 2 0
3.51963 0 0 2 2 0
3.5359 0 0 2 2 0
0.299901 0.000472524 0.000472524 2 1 0
0.300947 0.000632468 0.000632468 1 1 0
0.3015 0.000712437 0.000712437 1 1 0
0.302073 0.000792404 0.000792404 1 1 0
0.302669 0.000872368 0.000872368 1 1 0
0.303286 0.000952329 0.000952329 1 1 0
0.303926 0.00103229 0.00103229 1 1 0
0.304589 0.00111224 0.00111224 1 1 0
0.305276 0.00119219 0.00119219 1 1 0
0.305988 0.00127214 0.00127214 1 1 0
0.306726 0.00135209 0.00135209 1 1 0
0.30749 0.00143203 0.00143203 1 1 0
0.30828 0.00151197 0.00151197 1 1 0
0.309098 0.0015919 0.0015919 1 1 0
0.309945 0.00167183 0.00167183 1 1 0
0.310821 0.00175175 0.00175175 1 1 0
0.311727 0.00183167 0.00183167 1 1 0
0.312664 0.00191158 0.00191158 1 1 0
0.313633 0.00199148 0.00199148 1 1 0
0.314635 0.00207138 0.00207138 1 1 0
0.315671 0.00215128 0.00215128 1 1 0
0.316741 0.00223116 0.00223116 1 1 0
0.317846 0.00231104 0.00231104 1 1 0
0.318988 0.00239091 0.00239091 1 1 0
0.320168 0.00247077 0.00247077 1 1 0
0.321386 0.00255062 0.00255062 1 1 0
0.322644 0.00263046 0.00263046 1 1 0
0.323943 0.00271029 0.00271029 1 1 0
0.325283 0.00279011 0.00279011 1 1 0
0.326667 0.00286992 0.00286992 1 1 0
0.328094 0.00294971 0.00294971 1 1 0
0.329567 0.00302949 0.00302949 1 1 0
0.331087 0.00310926 0.00310926 1 1 0
0.332654 0.00318902 0.00318902 1 1 0
0.33427 0.00326875 0.00326875 1 1 0
0.335937 0.00334848 0.00334848 1 1 0
0.337655 0.00342818 0.00342818 1 1 0
0.339427 0.00350786 0.00350786 1 1 0
0.341253 0.00358753 0.00358753 1 1 0
0.343135 0.00366718 0.00366718 1 1 0
0.345074 0.0037468 0.0037468 1 1 0
0.347072 0.0038264 0.0038264 1 1 0
0.349131 0.00390597 0.00390597 1 1 0
0.351251 0.00398552 0.00398552 1 1 0
0.353435 0.00406504 0.00406504 1 1 0
0.355684 0.00414454 0.00414454 1 1 0
0.357999 0.004224 0.004224 1 1 0
0.360383 0.00430343 0.00430343 1 1 0
0.362837 0.00438282 0.00438282 1 1 0
0.365363 0.00446218 0.00446218 1 1 0
0.367963 0.0045415 0.0045415 1 1 0
0.370638 0.00462078 0.00462078 1 1 0
0.37339 0.00470002 0.00470002 1 1 0
0.376222 0.00477922 0.00477922 1 1 0
0.379134 0.00485836 0.00485836 1 1 0
0.38213 0.00493746 0.00493746 1 1 0
0.38521 0.00501651 0.00501651 1 1 0
0.388377 0.0050955 0.0050955 1 1 0
0.391634 0.00517443 0.00517443 1 1 0
0.394981 0.0052533 0.0052533 1 1 0
0.398421 0.00533211 0.00533211 1 1 0
0.401956 0.00541085 0.00541085 1 1 0
0.405589 0.00548952 0.00548952 1 1 0
0.409321 0.00556812 0.00556812 1 1 0
0.413155 0.00564663 0.00564663 1 1 0
0.417092 0.00572507 0.00572507 1 1 0
0.421135 0.00580342 0.00580342 1 1 0
0.425287 0.00588167 0.00588167 1 1 0
0.429549 0.00595984 0.00595984 1 1 0
0.433924 0.0060379 0.0060379 1 1 0
0.438413 0.00611586 0.00611586 1 1 0
0.44302 0.00619371 0.00619371 1 1 0
0.447746 0.00627144 0.00627144 1 1 0
0.452594 0.00634906 0.00634906 1 1 0
0.457567 0.00642655 0.00642655 1 1 0
0.462665 0.00650391 0.00650391 1 1 0
0.467892 0.00658113 0.00658113 1 1 0
0.47325 0.00665821 0.00665821 1 1 0
0.478741 0.00673513 0.00673513 1 1 0
0.484367 0.0068119 0.0068119 1 1 0
0.49013 0.00688851 0.00688851 1 1 0
0.496033 0.00696495 0.00696495 1 1 0
0.502078 0.00704121 0.00704121 1 1 0
0.508267 0.00711728 0.00711728 1 1 0
0.514601 0.00719317 0.00719317 1 1 0
0.521084 0.00726885 0.00726885 1 1 0
0.527716 0.00734433 0.00734433 1 1 0
0.5345 0.00741959 0.00741959 1 1 0
0.541438 0.00749462 0.00749462 1 1 0
0.54853 0.00756942 0.00756942 1 1 0
0.55578 0.00764398 0.00764398 1 1 0
0.563188 0.00771829 0.00771829 1 1 0
0.570757 0.00779234 0.00779234 1 1 0
0.578487 0.00786612 0.00786612 1 1 0
0.58638 0.00793963 0.00793963 1 1 0
0.594437 0.00801285 0.00801285 1 1 0
0.60266 0.00808577 0.00808577 1 1 0
0.611049 0.00815839 0.00815839 1 1 0
0.619605 0.0082307 0.0082307 1 1 0
0.62833 0.00830269 0.00830269 1 1 0
0.637223 0.00837434 0.00837434 1 1 0
0.646286 0.00844566 0.00844566 1 1 0
0.655519 0.00851662 0.00851662 1 1 0
0.664923 0.00858723 0.00858723 1 1 0
0.674497 0.00865747 0.00865747 1 1 0
0.684242 0.00872733 0.00872733 1 1 0
0.694157 0.0087968 0.0087968 1 1 0
0.704243 0.00886588 0.00886588 1 1 0
0.714499 0.00893457 0.00893457 1 1 0
0.724926 0.00900284 0.00900284 1 1 0
0.735521 0.0090707 0.0090707 1 1 0
0.746286 0.00913812 0.00913812 1 1 0
0.757218 0.00920512 0.00920512 1 1 0
0.768317 0.00927167 0.00927167 1 1 0
0.779582 0.00933778 0.00933778 1 1 0
0.791011 0.00940344 0.00940344 1 1 0
0.802604 0.00946863 0.00946863 1 1 0
0.81436 0.00953336 0.00953336 1 1 0
0.826275 0.00959761 0.00959761 1 1 0
0.83835 0.00966139 0.00966139 1 1 0
0.850583 0.00972469 0.00972469 1 1 0
0.862971 0.0097875 0.0097875 1 1 0
0.875513 0.00984982 0.00984982 1 1 0
0.888206 0.00991164 0.00991164 1 1 0
0.90105 0.00997297 0.00997297 1 1 0
0.914042 0.0100338 0.0100338 1 1 0
0.927179 0.0100941 0.0100941 1 1 0
0.94046 0.0101539 0.0101539 1 1 0
0.953882 0.0102133 0.0102133 1 1 0
0.967443 0.0102721 0.0102721 1 1 0
0.981142 0.0103304 0.0103304 1 1 0
0.994974 0.0103881 0.0103881 1 1 0
1.00894 0.0104454 0.0104454 1 1 0
1.02303 0.0105022 0.0105022 1 1 0
1.03725 0.0105584 0.0105584 1 1 0
1.0516 0.0106142 0.0106142 1 1 0
1.06607 0.0106694 0.0106694 1 1 0
1.08066 0.0107241 0.0107241 1 1 0
1.09537 0.0107784 0.0107784 1 1 0
1.11019 0.0108321 0.0108321 1 1 0
1.12512 0.0108853 0.0108853 1 1 0
1.14017 0.010938 0.010938 1 1 0
1.15532 0.0109902 0.0109902 1 1 0
1.17058 0.0110419 0.0110419 1 1 0
1.18594 0.0110932 0.0110932 1 1 0
1.2014 0.0111439 0.0111439 1 1 0
1.21696 0.0111942 0.0111942 1 1 0
1.23262 0.0112439 0.0112439 1 1 0
1.24837 0.0112932 0.0112932 1 1 0
1.26422 0.0113421 0.0113421 1 1 0
1.28015 0.0113904 0.0113904 1 1 0
1.29617 0.0114383 0.0114383 1 1 0
1.31228 0.0114857 0.0114857 1 1 0
1.32847 0.0115327 0.0115327 1 1 0
1.34474 0.0115792 0.0115792 1 1 0
1.36109 0.0116253 0.0116253 1 1 0
1.37752 0.0116709 0.0116709 1 1 0
1.39402 0.0117161 0.0117161 1 1 0
1.4106 0.0117609 0.0117609 1 1 0
1.42725 0.0118052 0.0118052 1 1 0
1.44397 0.0118491 0.0118491 1 1 0
1.46076 0.0118926 0.0118926 1 1 0
1.47761 0.0119357 0.0119357 1 1 0
1.49453 0.0119783 0.0119783 1 1 0
1.51152 0.0120206 0.0120206 1 1 0
1.52856 0.0120624 0.0120624 1 1 0
1.54567 0.0121039 0.0121039 1 1 0
1.56283 0.012145 0.012145 1 1 0
1.58005 0.0121856 0.0121856 1 1 0
1.59733 0.012226 0.012226 1 1 0
1.61466 0.0122659 0.0122659 1 1 0
1.63204 0.0123054 0.0123054 1 1 0
1.64948 0.0123446 0.0123446 1 1 0
1.66697 0.0123835 0.0123835 1 1 0
1.6845 0.0124219 0.0124219 1 1 0
1.70208 0.0124601 0.0124601 1 1 0
1.71971 0.0124978 0.0124978 1 1 0
1.73739 0.0125353 0.0125353 1 1 0
1.75511 0.0125724 0.0125724 1 1 0
1.77287 0.0126091 0.0126091 1 1 0
1.79068 0.0126456 0.0126456 1 1 0
1.80853 0.0126817 0.0126817 1 1 0
1.82641 0.0127175 0.0127175 1 1 0
1.84434 0.0127529 0.0127529 1 1 0
1.8623 0.0127881 0.0127881 1 1 0
1.8803 0.012823 0.012823 1 1 0
1.89834 0.0128575 0.0128575 1 1 0
1.91642 0.0128918 0.0128918 1 1 0
1.93452 0.0129257 0.0129257 1 1 0
1.95267 0.0129594 0.0129594 1 1 0
1.97084 0.0129928 0.0129928 1 1 0
1.98905 0.0130259 0.0130259 1 1 0
2.00729 0.0130587 0.0130587 1 1 0
2.02556 0.0130913 0.0130913 1 1 0
2.04386 0.0131236 0.0131236 1 1 0
2.06219 0.0131556 0.0131556 1 1 0
2.08055 0.0131873 0.0131873 1 1 0
2.09893 0.0132188 0.0132188 1 1 0
2.11734 0.01325 0.01325 1 1 0
2.13578 0.013281 0.013281 1 1 0
3.5359 0 0 2 2 0
3.56845 0 0 2 2 0
3.58473 0 0 2 2 0
3.601 0 0 2 2 0
3.61728 0 0 2 2 0
3.63355 0 0 2 2 0
3.64982 0 0 2 2 0
3.6661 0 0 2 2 0
3.68237 0 0 2 2 0
3.69865 0 0 2 2 0
3.71492 0 0 2 2 0
3.7312 0 0 2 2 0
3.74747 0 0 2 2 0
3.76375 0 0 2 2 0
3.78002 0 0 2 2 0
3.7963 0 0 2 2 0
3.81257 0 0 2 2 0
3.82885 0 0 2 2 0
3.84512 0 0 2 2 0
3.8614 0 0 2 2 0
3.87767 0 0 2 2 0
3.89394 0 0 2 2 0
3.91022 0 0 2 2 0
3.92649 0 0 2 2 0
3.94277 0 0 2 2 0
3.95904 0 0 2 2 0
3.97532 0 0 2 2 0
3.99159 0 0 2 2 0
4.00787 0 0 2 2 0
4.02414 0 0 2 2 0
4.04042 0 0 2 2 0
4.05669 0 0 2 2 0
4.07297 0 0 2 2 0
4.08924 0 0 2 2 0
4.10552 0 0 2 2 0
4.12179 0 0 2 2 0
4.13806 0 0 2 2 0
4.15434 0 0 2 2 0
4.17061 0 0 2 2 0
4.18689 0 0 2 2 0
4.20316 0 0 2 2 0
4.21944 0 0 2 2 0
4.23571 0 0 2 2 0
4.25199 0 0 2 2 0
4.26826 0 0 2 2 0
4.28454 0 0 2 2 0
4.30081 0 0 2 2 0
4.31709 0 0 2 2 0
4.33336 0 0 2 2 0
4.34964 0 0 2 2 0
4.36591 0 0 2 2 0
4.38218 0 0 2 2 0
4.39846 0 0 2 2 0
4.41473 0 0 2 2 0
4.43101 0 0 2 2 0
4.44728 0 0 2 2 0
4.46356 0 0 2 2 0
4.47983 0 0 2 2 0
4.49611 0 0 2 2 0
4.51238 0 0 2 2 0
4.52866 0 0 2 2 0
4.54493 0 0 2 2 0
4.56121 0 0 2 2 0
4.57748 0 0 2 2 0
4.59376 0 0 2 2 0
4.61003 0 0 2 2 0
4.6263 0 0 2 2 0
4.64258 0 0 2 2 0
4.65885 0 0 2 2 0
4.67513 0 0 2 2 0
4.6914 0 0 2 2 0
4.70768 0 0 2 2 0
4.72395 0 0 2 2 0
4.74023 0 0 2 2 0
4.7565 0 0 2 2 0
4.77278 0 0 2 2 0
4.78905 0 0 2 2 0
4.80533 0 0 2 2 0
4.8216 0 0 2 2 0
4.83788 0 0 2 2 0
4.85415 0 0 2 2 0
4.87042 0 0 2 2 0
4.8867 0 0 2 2 0
4.90297 0 0 2 2 0
4.91925 0 0 2 2 0
4.93552 0 0 2 2 0
4.9518 0 0 2 2 0
4.96807 0 0 2 2 0
4.98435 0 0 2 2 0
5.00062 0 0 2 2 0
5.0169 0 0 2 2 0
5.03317 0 0 2 2 0
5.04945 0 0 2 2 0
5.06572 0 0 2 2 0
5.082 0 0 2 2 0
5.09827 0 0 2 2 0
5.11454 0 0 2 2 0
5.13082 0 0 2 2 0
5.14709 0 0 2 2 0
5.16337 0 0 2 2 0
5.17964 0 0 2 2 0
5.19592 0 0 2 2 0
5.21219 0 0 2 2 0
5.22847 0 0 2 2 0
5.24474 0 0 2 2 0
5.26102 0 0 2 2 0
5.27729 0 0 2 2 0
5.29357 0 0 2 2 0
5.30984 0 0 2 2 0
5.32612 0 0 2 2 0
5.34239 0 0 2 2 0
5.35866 0 0 2 2 0
5.37494 0 0 2 2 0
5.39121 0 0 2 2 0
5.40749 0 0 2 2 0
5.42376 0 0 2 2 0
5.44004 0 0 2 2 0
5.45631 0 0 2 2 0
5.47259 0 0 2 2 0
5.48886 0 0 2 2 0
5.50514 0 0 2 2 0
5.52141 0 0 2 2 0
5.53769 0 0 2 2 0
5.55396 0 0 2 2 0
5.57024 0 0 2 2 0
5.58651 0 0 2 2 0
5.60278 0 0 2 2 0
5.61906 0 0 2 2 0
5.63533 0 0 2 2 0
5.65161 0 0 2 2 0
5.66788 0 0 2 2 0
5.68416 0 0 2 2 0
5.70043 0 0 2 2 0
5.71671 0 0 2 2 0
5.73298 0 0 2 2 0
5.74926 0 0 2 2 0
5.76553 0 0 2 2 0
5.78181 0 0 2 2 0
5.79808 0 0 2 2 0
5.81436 0 0 2 2 0
5.83063 0 0 2 2 0
5.8469 0 0 2 2 0
5.86318 0 0 2 2 0
5.87945 0 0 2 2 0
5.89573 0 0 2 2 0
5.912 0 0 2 2 0
5.92828 0 0 2 2 0
5.94455 0 0 2 2 0
5.96083 0 0 2 2 0
5.9771 0 0 2 2 0
5.99338 0 0 2 2 0
6.00965 0 0 2 2 0
6.02593 0 0 2 2 0
6.0422 0 0 2 2 0
6.05848 0 0 2 2 0
6.07475 0 0 2 2 0
6.09103 0 0 2 2 0
6.1073 0 0 2 2 0
6.12357 0 0 2 2 0
6.13985 0 0 2 2 0
6.15612 0 0 2 2 0
6.1724 0 0 2 2 0
6.18867 0 0 2 2 0
6.20495 0 0 2 2 0
6.22122 0 0 2 2 0
6.2375 0 0 2 2 0
6.25377 0 0 2 2 0
6.27005 0 0 2 2 0
6.28632 0 0 2 2 0
6.3026 0 0 2 2 0
6.31887 0 0 2 2 0
6.33515 0 0 2 2 0
6.35142 0 0 2 2 0
6.36769 0 0 2 2 0
6.38397 0 0 2 2 0
6.40024 0 0 2 2 0
6.41652 0 0 2 2 0
6.43279 0 0 2 2 0
6.44907 0 0 2 2 0
6.46534 0 0 2 2 0
6.48162 0 0 2 2 0
6.49789 0 0 2 2 0
6.51417 0 0 2 2 0
6.53044 0 0 2 2 0
6.54672 0 0 2 2 0
6.56299 0 0 2 2 0
6.57927 0 0 2 2 0
6.59554 0 0 2 2 0
6.61181 0 0 2 2 0
6.62809 0 0 2 2 0
6.64436 0 0 2 2 0
6.66064 0 0 2 2 0
6.67691 0 0 2 2 0
6.69319 0 0 2 2 0
6.70946 0 0 2 2 0
6.72574 0 0 2 2 0
6.74201 0 0 2 2 0
6.75829 0 0 2 2 0
6.77456 0 0 2 2 0
6.79084 0 0 2 2 0
3.5359 0 0 2 2 0
3.56845 0 0 2 2 0
3.58473 0 0 2 2 0
3.601 0 0 2 2 0
3.61728 0 0 2 2 0
3.63355 0 0 2 2 0
3.64982 0 0 2 2 0
3.6661 0 0 2 2 0
3.68237 0 0 2 2 0
3.69865 0 0 2 2 0
3.71492 0 0 2 2 0
3.7312 0 0 2 2 0
3.74747 0 0 2 2 0
3.76375 0 0 2 2 0
3.78002 0 0 2 2 0
3.7963 0 0 2 2 0
3.81257 0 0 2 2 0
3.82885 0 0 2 2 0
3.84512 0 0 2 2 0
3.8614 0 0 2 2 0
3.87767 0 0 2 2 0
3.89394 0 0 2 2 0
3.91022 0 0 2 2 0
3.92649 0 0 2 2 0
3.94277 0 0 2 2 0
3.95904 0 0 2 2 0
3.97532 0 0 2 2 0
3.99159 0 0 2 2 0
4.00787 0 0 2 2 0
4.02414 0 0 2 2 0
4.04042 0 0 2 2 0
4.05669 0 0 2 2 0
4.07297 0 0 2 2 0
4.08924 0 0 2 2 0
4.10552 0 0 2 2 0
4.12179 0 0 2 2 0
4.13806 0 0 2 2 0
4.15434 0 0 2 2 0
4.17061 0 0 2 2 0
4.18689 0 0 2 2 0
4.20316 0 0 2 2 0
4.21944 0 0 2 2 0
4.23571 0 0 2 2 0
4.25199 0 0 2 2 0
4.26826 0 0 2 2 0
4.28454 0 0 2 2 0
4.30081 0 0 2 2 0
4.31709 0 0 2 2 0
4.33336 0 0 2 2 0
4.34964 0 0 2 2 0
4.36591 0 0 2 2 0
4.38218 0 0 2 2 0
4.39846 0 0 2 2 0
4.41473 0 0 2 2 0
4.43101 0 0 2 2 0
4.44728 0 0 2 2 0
4.46356 0 0 2 2 0
4.47983 0 0 2 2 0
4.49611 0 0 2 2 0
4.51238 0 0 2 2 0
4.52866 0 0 2 2 0
4.54493 0 0 2 2 0
4.56121 0 0 2 2 0
4.57748 0 0 2 2 0
4.59376 0 0 2 2 0
4.61003 0 0 2 2 0
4.6263 0 0 2 2 0
4.64258 0 0 2 2 0
4.65885 0 0 2 2 0
4.67513 0 0 2 2 0
4.6914 0 0 2 2 0
4.70768 0 0 2 2 0
4.72395 0 0 2 2 0
4.74023 0 0 2 2 0
4.7565 0 0 2 2 0
4.77278 0 0 2 2 0
4.78905 0 0 2 2 0
4.80533 0 0 2 2 0
4.8216 0 0 2 2 0
4.83788 0 0 2 2 0
4.85415 0 0 2 2 0
4.87042 0 0 2 2 0
4.8867 0 0 2 2 0
4.90297 0 0 2 2 0
4.91925 0 0 2 2 0
4.93552 0 0 2 2 0
4.9518 0 0 2 2 0
4.96807 0 0 2 2 0
4.98435 0 0 2 2 0
5.00062 0 0 2 2 0
5.0169 0 0 2 2 0
5.03317 0 0 2 2 0
5.04945 0 0 2 2 0
5.06572 0 0 2 2 0
5.082 0 0 2 2 0
5.09827 0 0 2 2 0
5.11454 0 0 2 2 0
5.13082 0 0 2 2 0
5.14709 0 0 2 2 0
5.16337 0 0 2 2 0
5.17964 0 0 2 2 0
5.19592 0 0 2 2 0
5.21219 0 0 2 2 0
5.22847 0 0 2 2 0
5.24474 0 0 2 2 0
5.26102 0 0 2 2 0
5.27729 0 0 2 2 0
5.29357 0 0 2 2 0
5.30984 0 0 2 2 0
5.32612 0 0 2 2 0
5.34239 0 0 2 2 0
5.35866 0 0 2 2 0
5.37494 0 0 2 2 0
5.39121 0 0 2 2 0
5.40749 0 0 2 2 0
5.42376 0 0 2 2 0
5.44004 0 0 2 2 0
5.45631 0 0 2 2 0
5.47259 0 0 2 2 0
5.48886 0 0 2 2 0
5.50514 0 0 2 2 0
5.52141 0 0 2 2 0
5.53769 0 0 2 2 0
5.55396 0 0 2 2 0
5.57024 0 0 2 2 0
5.58651 0 0 2 2 0
5.60278 0 0 2 2 0
5.61906 0 0 2 2 0
5.63533 0 0 2 2 0
5.65161 0 0 2 2 0
5.66788 0 0 2 2 0
5.68416 0 0 2 2 0
5.70043 0 0 2 2 0
5.71671 0 0 2 2 0
5.73298 0 0 2 2 0
5.74926 0 0 2 2 0
5.76553 0 0 2 2 0
5.78181 0 0 2 2 0
5.79808 0 0 2 2 0
5.81436 0 0 2 2 0
5.83063 0 0 2 2 0
5.8469 0 0 2 2 0
5.86318 0 0 2 2 0
5.87945 0 0 2 2 0
5.89573 0 0 2 2 0
5.912 0 0 2 2 0
5.92828 0 0 2 2 0
5.94455 0 0 2 2 0
5.96083 0 0 2 2 0
5.9771 0 0 2 2 0
5.99338 0 0 2 2 0
6.00965 0 0 2 2 0
6.02593 0 0 2 2 0
6.0422 0 0 2 2 0
6.05848 0 0 2 2 0
6.07475 0 0 2 2 0
6.09103 0 0 2 2 0
6.1073 0 0 2 2 0
6.12357 0 0 2 2 0
6.13985 0 0 2 2 0
6.15612 0 0 2 2 0
6.1724 0 0 2 2 0
6.18867 0 0 2 2 0
6.20495 0 0 2 2 0
6.22122 0 0 2 2 0
6.2375 0 0 2 2 0
6.25377 0 0 2 2 0
6.27005 0 0 2 2 0
6.28632 0 0 2 2 0
6.3026 0 0 2 2 0
6.31887 0 0 2 2 0
6.33515 0 0 2 2 0
6.35142 0 0 2 2 0
6.36769 0 0 2 2 0
6.38397 0 0 2 2 0
6.40024 0 0 2 2 0
6.41652 0 0 2 2 0
6.43279 0 0 2 2 0
6.44907 0 0 2 2 0
6.46534 0 0 2 2 0
6.48162 0 0 2 2 0
6.49789 0 0 2 2 0
6.51417 0 0 2 2 0
6.53044 0 0 2 2 0
6.54672 0 0 2 2 0
6.56299 0 0 2 2 0
6.57927 0 0 2 2 0
6.59554 0 0 2 2 0
6.61181 0 0 2 2 0
6.62809 0 0 2 2 0
6.64436 0 0 2 2 0
6.66064 0 0 2 2 0
6.67691 0 0 2 2 0
6.69319 0 0 2 2 0
6.70946 0 0 2 2 0
6.72574 0 0 2 2 0
6.74201 0 0 2 2 0
6.75829 0 0 2 2 0
6.77456 0 0 2 2 0
6.79084 0 0 2 2 0
6.79084 0 0 2 2 0
6.82339 0 0 2 2 0
6.83966 0 0 2 2 0
6.85593 0 0 2 2 0
6.87221 0 0 2 2 0
6.88848 0 0 2 2 0
6.90476 0 0 2 2 0
6.92103 0 0 2 2 0
6.93731 0 0 2 2 0
6.95358 0 0 2 2 0
6.96986 0 0 2 2 0
6.98613 0 0 2 2 0
7.00241 0 0 2 2 0
7.01868 0 0 2 2 0
7.03496 0 0 2 2 0
7.05123 0 0 2 2 0
7.06751 0 0 2 2 0
7.08378 0 0 2 2 0
7.10005 0 0 2 2 0
7.11633 0 0 2 2 0
7.1326 0 0 2 2 0
7.14888 0 0 2 2 0
7.16515 0 0 2 2 0
7.18143 0 0 2 2 0
7.1977 0 0 2 2 0
7.21398 0 0 2 2 0
7.23025 0 0 2 2 0
7.24653 0 0 2 2 0
7.2628 0 0 2 2 0
7.27908 0 0 2 2 0
7.29535 0 0 2 2 0
7.31163 0 0 2 2 0
7.3279 0 0 2 2 0
7.34417 0 0 2 2 0
7.36045 0 0 2 2 0
7.37672 0 0 2 2 0
7.393 0 0 2 2 0
7.40927 0 0 2 2 0
7.42555 0 0 2 2 0
7.44182 0 0 2 2 0
7.4581 0 0 2 2 0
7.47437 0 0 2 2 0
7.49065 0 0 2 2 0
7.50692 0 0 2 2 0
7.5232 0 0 2 2 0
7.53947 0 0 2 2 0
7.55575 0 0 2 2 0
7.57202 0 0 2 2 0
7.58829 0 0 2 2 0
7.60457 0 0 2 2 0
7.62084 0 0 2 2 0
7.63712 0 0 2 2 0
7.65339 0 0 2 2 0
7.66967 0 0 2 2 0
7.68594 0 0 2 2 0
7.70222 0 0 2 2 0
7.71849 0 0 2 2 0
7.73477 0 0 2 2 0
7.75104 0 0 2 2 0
7.76732 0 0 2 2 0
7.78359 0 0 2 2 0
7.79987 0 0 2 2 0
7.81614 0 0 2 2 0
7.83241 0 0 2 2 0
7.84869 0 0 2 2 0
7.86496 0 0 2 2 0
7.88124 0 0 2 2 0
7.89751 0 0 2 2 0
7.91379 0 0 2 2 0
7.93006 0 0 2 2 0
7.94634 0 0 2 2 0
7.96261 0 0 2 2 0
7.97889 0 0 2 2 0
7.99516 0 0 2 2 0
8.01144 0 0 2 2 0
8.02771 0 0 2 2 0
8.04399 0 0 2 2 0
8.06026 0 0 2 2 0
8.07653 0 0 2 2 0
8.09281 0 0 2 2 0
8.10908 0 0 2 2 0
8.12536 0 0 2 2 0
8.14163 0 0 2 2 0
8.15791 0 0 2 2 0
8.17418 0 0 2 2 0
8.19046 0 0 2 2 0
8.20673 0 0 2 2 0
8.22301 0 0 2 2 0
8.23928 0 0 2 2 0
8.25556 0 0 2 2 0
8.27183 0 0 2 2 0
8.28811 0 0 2 2 0
8.30438 0 0 2 2 0
8.32065 0 0 2 2 0
8.33693 0 0 2 2 0
8.3532 0 0 2 2 0
8.36948 0 0 2 2 0
8.38575 0 0 2 2 0
8.40203 0 0 2 2 0
8.4183 0 0 2 2 0
8.43458 0 0 2 2 0
8.45085 0 0 2 2 0
8.46713 0 0 2 2 0
8.4834 0 0 2 2 0
8.49968 0 0 2 2 0
8.51595 0 0 2 2 0
8.53223 0 0 2 2 0
8.5485 0 0 2 2 0
8.56478 0 0 2 2 0
8.58105 0 0 2 2 0
8.59732 0 0 2 2 0
8.6136 0 0 2 2 0
8.62987 0 0 2 2 0
8.64615 0 0 2 2 0
8.66242 0 0 2 2 0
8.6787 0 0 2 2 0
8.69497 0 0 2 2 0
8.71125 0 0 2 2 0
8.72752 0 0 2 2 0
8.7438 0 0 2 2 0
8.76007 0 0 2 2 0
8.77635 0 0 2 2 0
8.79262 0 0 2 2 0
8.8089 0 0 2 2 0
8.82517 0 0 2 2 0
8.84144 0 0 2 2 0
8.85772 0 0 2 2 0
8.87399 0 0 2 2 0
8.89027 0 0 2 2 0
8.90654 0 0 2 2 0
8.92282 0 0 2 2 0
8.93909 0 0 2 2 0
8.95537 0 0 2 2 0
8.97164 0 0 2 2 0
8.98792 0 0 2 2 0
9.00419 0 0 2 2 0
9.02047 0 0 2 2 0
9.03674 0 0 2 2 0
9.05302 0 0 2 2 0
9.06929 0 0 2 2 0
9.08556 0 0 2 2 0
9.10184 0 0 2 2 0
9.11811 0 0 2 2 0
9.13439 0 0 2 2 0
9.15066 0 0 2 2 0
9.16694 0 0 2 2 0
9.18321 0 0 2 2 0
9.19949 0 0 2 2 0
9.21576 0 0 2 2 0
9.23204 0 0 2 2 0
9.24831 0 0 2 2 0
9.26459 0 0 2 2 0
9.28086 0 0 2 2 0
9.29714 0 0 2 2 0
9.31341 0 0 2 2 0
9.32968 0 0 2 2 0
9.34596 0 0 2 2 0
9.36223 0 0 2 2 0
9.37851 0 0 2 2 0
9.39478 0 0 2 2 0
9.41106 0 0 2 2 0
9.42733 0 0 2 2 0
9.44361 0 0 2 2 0
9.45988 0 0 2 2 0
9.47616 0 0 2 2 0
9.49243 0 0 2 2 0
9.50871 0 0 2 2 0
9.52498 0 0 2 2 0
9.54126 0 0 2 2 0
9.55753 0 0 2 2 0
9.5738 0 0 2 2 0
9.59008 0 0 2 2 0
9.60635 0 0 2 2 0
9.62263 0 0 2 2 0
9.6389 0 0 2 2 0
9.65518 0 0 2 2 0
9.67145 0 0 2 2 0
9.68773 0 0 2 2 0
9.704 0 0 2 2 0
9.72028 0 0 2 2 0
9.73655 0 0 2 2 0
9.75283 0 0 2 2 0
9.7691 0 0 2 2 0
9.78538 0 0 2 2 0
9.80165 0 0 2 2 0
9.81792 0 0 2 2 0
9.8342 0 0 2 2 0
9.85047 0 0 2 2 0
9.86675 0 0 2 2 0
9.88302 0 0 2 2 0
9.8993 0 0 2 2 0
9.91557 0 0 2 2 0
9.93185 0 0 2 2 0
9.94812 0 0 2 2 0
9.9644 0 0 2 2 0
9.98067 0 0 2 2 0
9.99695 0 0 2 2 0
10.0132 0 0 2 2 0
10.0295 0 0 2 2 0
10.0458 0 0 2 2 0
10.0458 0 0 2 2 0
10.0783 0 0 2 2 0
10.0946 0 0 2 2 0
10.1109 0 0 2 2 0
10.1271 0 0 2 2 0
10.1434 0 0 2 2 0
10.1597 0 0 2 2 0
10.176 0 0 2 2 0
10.1922 0 0 2 2 0
10.2085 0 0 2 2 0
10.2248 0 0 2 2 0
10.2411 0 0 2 2 0
10.2573 0 0 2 2 0
10.2736 0 0 2 2 0
10.2899 0 0 2 2 0
10.3062 0 0 2 2 0
10.3224 0 0 2 2 0
10.3387 0 0 2 2 0
10.355 0 0 2 2 0
10.3713 0 0 2 2 0
10.3875 0 0 2 2 0
10.4038 0 0 2 2 0
10.4201 0 0 2 2 0
10.4364 0 0 2 2 0
10.4526 0 0 2 2 0
10.4689 0 0 2 2 0
10.4852 0 0 2 2 0
10.5015 0 0 2 2 0
10.5177 0 0 2 2 0
10.534 0 0 2 2 0
10.5503 0 0 2 2 0
10.5666 0 0 2 2 0
10.5828 0 0 2 2 0
10.5991 0 0 2 2 0
10.6154 0 0 2 2 0
10.6317 0 0 2 2 0
10.6479 0 0 2 2 0
10.6642 0 0 2 2 0
10.6805 0 0 2 2 0
10.6968 0 0 2 2 0
10.713 0 0 2 2 0
10.7293 0 0 2 2 0
10.7456 0 0 2 2 0
10.7619 0 0 2 2 0
10.7781 0 0 2 2 0
10.7944 0 0 2 2 0
10.8107 0 0 2 2 0
10.827 0 0 2 2 0
10.8432 0 0 2 2 0
10.8595 0 0 2 2 0
10.8758 0 0 2 2 0
10.8921 0 0 2 2 0
10.9083 0 0 2 2 0
10.9246 0 0 2 2 0
10.9409 0 0 2 2 0
10.9572 0 0 2 2 0
10.9734 0 0 2 2 0
10.9897 0 0 2 2 0
11.006 0 0 2 2 0
11.0223 0 0 2 2 0
11.0385 0 0 2 2 0
11.0548 0 0 2 2 0
11.0711 0 0 2 2 0
11.0873 0 0 2 2 0
11.1036 0 0 2 2 0
11.1199 0 0 2 2 0
11.1362 0 0 2 2 0
11.1524 0 0 2 2 0
11.1687 0 0 2 2 0
11.185 0 0 2 2 0
11.2013 0 0 2 2 0
11.2175 0 0 2 2 0
11.2338 0 0 2 2 0
11.2501 0 0 2 2 0
11.2664 0 0 2 2 0
11.2826 0 0 2 2 0
11.2989 0 0 2 2 0
11.3152 0 0 2 2 0
11.3315 0 0 2 2 0
11.3477 0 0 2 2 0
11.364 0 0 2 2 0
11.3803 0 0 2 2 0
11.3966 0 0 2 2 0
11.4128 0 0 2 2 0
11.4291 0 0 2 2 0
11.4454 0 0 2 2 0
11.4617 0 0 2 2 0
11.4779 0 0 2 2 0
11.4942 0 0 2 2 0
11.5105 0 0 2 2 0
11.5268 0 0 2 2 0
11.543 0 0 2 2 0
11.5593 0 0 2 2 0
11.5756 0 0 2 2 0
11.5919 0 0 2 2 0
11.6081 0 0 2 2 0
11.6244 0 0 2 2 0
11.6407 0 0 2 2 0
11.657 0 0 2 2 0
11.6732 0 0 2 2 0
11.6895 0 0 2 2 0
11.7058 0 0 2 2 0
11.7221 0 0 2 2 0
11.7383 0 0 2 2 0
11.7546 0 0 2 2 0
11.7709 0 0 2 2 0
11.7872 0 0 2 2 0
11.8034 0 0 2 2 0
11.8197 0 0 2 2 0
11.836 0 0 2 2 0
11.8523 0 0 2 2 0
11.8685 0 0 2 2 0
11.8848 0 0 2 2 0
11.9011 0 0 2 2 0
11.9174 0 0 2 2 0
11.9336 0 0 2 2 0
11.9499 0 0 2 2 0
11.9662 0 0 2 2 0
11.9825 0 0 2 2 0
11.9987 0 0 2 2 0
12.015 0 0 2 2 0
12.0313 0 0 2 2 0
12.0476 0 0 2 2 0
12.0638 0 0 2 2 0
12.0801 0 0 2 2 0
12.0964 0 0 2 2 0
12.1127 0 0 2 2 0
12.1289 0 0 2 2 0
12.1452 0 0 2 2 0
12.1615 0 0 2 2 0
12.1778 0 0 2 2 0
12.194 0 0 2 2 0
12.2103 0 0 2 2 0
12.2266 0 0 2 2 0
12.2429 0 0 2 2 0
12.2591 0 0 2 2 0
12.2754 0 0 2 2 0
12.2917 0 0 2 2 0
12.3079 0 0 2 2 0
12.3242 0 0 2 2 0
12.3405 0 0 2 2 0
12.3568 0 0 2 2 0
12.373 0 0 2 2 0
12.3893 0 0 2 2 0
12.4056 0 0 2 2 0
12.4219 0 0 2 2 0
12.4381 0 0 2 2 0
12.4544 0 0 2 2 0
12.4707 0 0 2 2 0
12.487 0 0 2 2 0
12.5032 0 0 2 2 0
12.5195 0 0 2 2 0
12.5358 0 0 2 2 0
12.5521 0 0 2 2 0
12.5683 0 0 2 2 0
12.5846 0 0 2 2 0
12.6009 0 0 2 2 0
12.6172 0 0 2 2 0
12.6334 0 0 2 2 0
12.6497 0 0 2 2 0
12.666 0 0 2 2 0
12.6823 0 0 2 2 0
12.6985 0 0 2 2 0
12.7148 0 0 2 2 0
12.7311 0 0 2 2 0
12.7474 0 0 2 2 0
12.7636 0 0 2 2 0
12.7799 0 0 2 2 0
12.7962 0 0 2 2 0
12.8125 0 0 2 2 0
12.8287 0 0 2 2 0
12.845 0 0 2 2 0
12.8613 0 0 2 2 0
12.8776 0 0 2 2 0
12.8938 0 0 2 2 0
12.9101 0 0 2 2 0
12.9264 0 0 2 2 0
12.9427 0 0 2 2 0
12.9589 0 0 2 2 0
12.9752 0 0 2 2 0
12.9915 0 0 2 2 0
13.0078 0 0 2 2 0
13.024 0 0 2 2 0
13.0403 0 0 2 2 0
13.0566 0 0 2 2 0
13.0729 0 0 2 2 0
13.0891 0 0 2 2 0
13.1054 0 0 2 2 0
13.1217 0 0 2 2 0
13.138 0 0 2 2 0
13.1542 0 0 2 2 0
13.1705 0 0 2 2 0
13.1868 0 0 2 2 0
13.2031 0 0 2 2 0
13.2193 0 0 2 2 0
13.2356 0 0 2 2 0
13.2519 0 0 2 2 0
13.2682 0 0 2 2 0
13.2844 0 0 2 2 0
13.3007 0 0 2 2 0
13.3007 0 0 2 2 0
13.3333 0 0 2 2 0
13.3495 0 0 2 2 0
13.3658 0 0 2 2 0
13.3821 0 0 2 2 0
13.3984 0 0 2 2 0
13.4146 0 0 2 2 0
13.4309 0 0 2 2 0
13.4472 0 0 2 2 0
13.4635 0 0 2 2 0
13.4797 0 0 2 2 0
13.496 0 0 2 2 0
13.5123 0 0 2 2 0
13.5285 0 0 2 2 0
13.5448 0 0 2 2 0
13.5611 0 0 2 2 0
13.5774 0 0 2 2 0
13.5936 0 0 2 2 0
13.6099 0 0 2 2 0
13.6262 0 0 2 2 0
13.6425 0 0 2 2 0
13.6587 0 0 2 2 0
13.675 0 0 2 2 0
13.6913 0 0 2 2 0
13.7076 0 0 2 2 0
13.7238 0 0 2 2 0
13.7401 0 0 2 2 0
13.7564 0 0 2 2 0
13.7727 0 0 2 2 0
13.7889 0 0 2 2 0
13.8052 0 0 2 2 0
13.8215 0 0 2 2 0
13.8378 0 0 2 2 0
13.854 0 0 2 2 0
13.8703 0 0 2 2 0
13.8866 0 0 2 2 0
13.9029 0 0 2 2 0
13.9191 0 0 2 2 0
13.9354 0 0 2 2 0
13.9517 0 0 2 2 0
13.968 0 0 2 2 0
13.9842 0 0 2 2 0
14.0005 0 0 2 2 0
14.0168 0 0 2 2 0
14.0331 0 0 2 2 0
14.0493 0 0 2 2 0
14.0656 0 0 2 2 0
14.0819 0 0 2 2 0
14.0982 0 0 2 2 0
14.1144 0 0 2 2 0
14.1307 0 0 2 2 0
14.147 0 0 2 2 0
14.1633 0 0 2 2 0
14.1795 0 0 2 2 0
14.1958 0 0 2 2 0
14.2121 0 0 2 2 0
14.2284 0 0 2 2 0
14.2446 0 0 2 2 0
14.2609 0 0 2 2 0
14.2772 0 0 2 2 0
14.2935 0 0 2 2 0
14.3097 0 0 2 2 0
14.326 0 0 2 2 0
14.3423 0 0 2 2 0
14.3586 0 0 2 2 0
14.3748 0 0 2 2 0
14.3911 0 0 2 2 0
14.4074 0 0 2 2 0
14.4237 0 0 2 2 0
14.4399 0 0 2 2 0
14.4562 0 0 2 2 0
14.4725 0 0 2 2 0
14.4888 0 0 2 2 0
14.505 0 0 2 2 0
14.5213 0 0 2 2 0
14.5376 0 0 2 2 0
14.5539 0 0 2 2 0
14.5701 0 0 2 2 0
14.5864 0 0 2 2 0
14.6027 0 0 2 2 0
14.619 0 0 2 2 0
14.6352 0 0 2 2 0
14.6515 0 0 2 2 0
14.6678 0 0 2 2 0
14.6841 0 0 2 2 0
14.7003 0 0 2 2 0
14.7166 0 0 2 2 0
14.7329 0 0 2 2 0
14.7492 0 0 2 2 0
14.7654 0 0 2 2 0
14.7817 0 0 2 2 0
14.798 0 0 2 2 0
14.8142 0 0 2 2 0
14.8305 0 0 2 2 0
14.8468 0 0 2 2 0
14.8631 0 0 2 2 0
14.8793 0 0 2 2 0
14.8956 0 0 2 2 0
14.9119 0 0 2 2 0
14.9282 0 0 2 2 0
14.9444 0 0 2 2 0
14.9607 0 0 2 2 0
14.977 0 0 2 2 0
14.9933 0 0 2 2 0
15.0095 0 0 2 2 0
15.0258 0 0 2 2 0
15.0421 0 0 2 2 0
15.0584 0 0 2 2 0
15.0746 0 0 2 2 0
15.0909 0 0 2 2 0
15.1072 0 0 2 2 0
15.1235 0 0 2 2 0
15.1397 0 0 2 2 0
15.156 0 0 2 2 0
15.1723 0 0 2 2 0
15.1886 0 0 2 2 0
15.2048 0 0 2 2 0
15.2211 0 0 2 2 0
15.2374 0 0 2 2 0
15.2537 0 0 2 2 0
15.2699 0 0 2 2 0
15.2862 0 0 2 2 0
15.3025 0 0 2 2 0
15.3188 0 0 2 2 0
15.335 0 0 2 2 0
15.3513 0 0 2 2 0
15.3676 0 0 2 2 0
15.3839 0 0 2 2 0
15.4001 0 0 2 2 0
15.4164 0 0 2 2 0
15.4327 0 0 2 2 0
15.449 0 0 2 2 0
15.4652 0 0 2 2 0
15.4815 0 0 2 2 0
15.4978 0 0 2 2 0
15.5141 0 0 2 2 0
15.5303 0 0 2 2 0
15.5466 0 0 2 2 0
15.5629 0 0 2 2 0
15.5792 0 0 2 2 0
15.5954 0 0 2 2 0
15.6117 0 0 2 2 0
15.628 0 0 2 2 0
15.6443 0 0 2 2 0
15.6605 0 0 2 2 0
15.6768 0 0 2 2 0
15.6931 0 0 2 2 0
15.7094 0 0 2 2 0
15.7256 0 0 2 2 0
15.7419 0 0 2 2 0
15.7582 0 0 2 2 0
15.7745 0 0 2 2 0
15.7907 0 0 2 2 0
15.807 0 0 2 2 0
15.8233 0 0 2 2 0
15.8396 0 0 2 2 0
15.8558 0 0 2 2 0
15.8721 0 0 2 2 0
15.8884 0 0 2 2 0
15.9047 0 0 2 2 0
15.9209 0 0 2 2 0
15.9372 0 0 2 2 0
15.9535 0 0 2 2 0
15.9698 0 0 2 2 0
15.986 0 0 2 2 0
16.0023 0 0 2 2 0
16.0186 0 0 2 2 0
16.0348 0 0 2 2 0
16.0511 0 0 2 2 0
16.0674 0 0 2 2 0
16.0837 0 0 2 2 0
16.0999 0 0 2 2 0
16.1162 0 0 2 2 0
16.1325 0 0 2 2 0
16.1488 0 0 2 2 0
16.165 0 0 2 2 0
16.1813 0 0 2 2 0
16.1976 0 0 2 2 0
16.2139 0 0 2 2 0
16.2301 0 0 2 2 0
16.2464 0 0 2 2 0
16.2627 0 0 2 2 0
16.279 0 0 2 2 0
16.2952 0 0 2 2 0
16.3115 0 0 2 2 0
16.3278 0 0 2 2 0
16.3441 0 0 2 2 0
16.3603 0 0 2 2 0
16.3766 0 0 2 2 0
16.3929 0 0 2 2 0
16.4092 0 0 2 2 0
16.4254 0 0 2 2 0
16.4417 0 0 2 2 0
16.458 0 0 2 2 0
16.4743 0 0 2 2 0
16.4905 0 0 2 2 0
16.5068 0 0 2 2 0
16.5231 0 0 2 2 0
16.5394 0 0 2 2 0
16.5556 0 0 2 2 0
15.7419 0 0 2 2 0
15.7745 0 0 2 2 0
15.7907 0 0 2 2 0
15.807 0 0 2 2 0
15.8233 0 0 2 2 0
15.8396 0 0 2 2 0
15.8558 0 0 2 2 0
15.8721 0 0 2 2 0
15.8884 0 0 2 2 0
15.9047 0 0 2 2 0
15.9209 0 0 2 2 0
15.9372 0 0 2 2 0
15.9535 0 0 2 2 0
15.9698 0 0 2 2 0
15.986 0 0 2 2 0
16.0023 0 0 2 2 0
16.0186 0 0 2 2 0
16.0348 0 0 2 2 0
16.0511 0 0 2 2 0
16.0674 0 0 2 2 0
16.0837 0 0 2 2 0
16.0999 0 0 2 2 0
16.1162 0 0 2 2 0
16.1325 0 0 2 2 0
16.1488 0 0 2 2 0
16.165 0 0 2 2 0
16.1813 0 0 2 2 0
16.1976 0 0 2 2 0
16.2139 0 0 2 2 0
16.2301 0 0 2 2 0
16.2464 0 0 2 2 0
16.2627 0 0 2 2 0
16.279 0 0 2 2 0
16.2952 0 0 2 2 0
16.3115 0 0 2 2 0
16.3278 0 0 2 2 0
16.3441 0 0 2 2 0
16.3603 0 0 2 2 0
16.3766 0 0 2 2 0
16.3929 0 0 2 2 0
16.4092 0 0 2 2 0
16.4254 0 0 2 2 0
16.4417 0 0 2 2 0
16.458 0 0 2 2 0
16.4743 0 0 2 2 0
16.4905 0 0 2 2 0
16.5068 0 0 2 2 0
16.5231 0 0 2 2 0
16.5394 0 0 2 2 0
16.5556 0 0 2 2 0
16.5719 0 0 2 2 0
16.5882 0 0 2 2 0
16.6045 0 0 2 2 0
16.6207 0 0 2 2 0
16.637 0 0 2 2 0
16.6533 0 0 2 2 0
16.6696 0 0 2 2 0
16.6858 0 0 2 2 0
16.7021 0 0 2 2 0
16.7184 0 0 2 2 0
16.7347 0 0 2 2 0
16.7509 0 0 2 2 0
16.7672 0 0 2 2 0
16.7835 0 0 2 2 0
16.7998 0 0 2 2 0
16.816 0 0 2 2 0
16.8323 0 0 2 2 0
16.8486 0 0 2 2 0
16.8649 0 0 2 2 0
16.8811 0 0 2 2 0
16.8974 0 0 2 2 0
16.9137 0 0 2 2 0
16.93 0 0 2 2 0
16.9462 0 0 2 2 0
16.9625 0 0 2 2 0
16.9788 0 0 2 2 0
16.9951 0 0 2 2 0
17.0113 0 0 2 2 0
17.0276 0 0 2 2 0
17.0439 0 0 2 2 0
17.0602 0 0 2 2 0
17.0764 0 0 2 2 0
17.0927 0 0 2 2 0
17.109 0 0 2 2 0
17.1253 0 0 2 2 0
17.1415 0 0 2 2 0
17.1578 0 0 2 2 0
17.1741 0 0 2 2 0
17.1904 0 0 2 2 0
17.2066 0 0 2 2 0
17.2229 0 0 2 2 0
17.2392 0 0 2 2 0
17.2554 0 0 2 2 0
17.2717 0 0 2 2 0
17.288 0 0 2 2 0
17.3043 0 0 2 2 0
17.3205 0 0 2 2 0
17.3368 0 0 2 2 0
17.3531 0 0 2 2 0
17.3694 0 0 2 2 0
17.3856 0 0 2 2 0
17.4019 0 0 2 2 0
17.4182 0 0 2 2 0
17.4345 0 0 2 2 0
17.4507 0 0 2 2 0
17.467 0 0 2 2 0
17.4833 0 0 2 2 0
17.4996 0 0 2 2 0
17.5158 0 0 2 2 0
17.5321 0 0 2 2 0
17.5484 0 0 2 2 0
17.5647 0 0 2 2 0
17.5809 0 0 2 2 0
17.5972 0 0 2 2 0
17.6135 0 0 2 2 0
17.6298 0 0 2 2 0
17.646 0 0 2 2 0
17.6623 0 0 2 2 0
17.6786 0 0 2 2 0
17.6949 0 0 2 2 0
17.7111 0 0 2 2 0
17.7274 0 0 2 2 0
17.7437 0 0 2 2 0
17.76 0 0 2 2 0
17.7762 0 0 2 2 0
17.7925 0 0 2 2 0
17.8088 0 0 2 2 0
17.8251 0 0 2 2 0
17.8413 0 0 2 2 0
17.8576 0 0 2 2 0
17.8739 0 0 2 2 0
17.8902 0 0 2 2 0
17.9064 0 0 2 2 0
17.9227 0 0 2 2 0
17.939 0 0 2 2 0
17.9553 0 0 2 2 0
17.9715 0 0 2 2 0
17.9878 0 0 2 2 0
18.0041 0 0 2 2 0
18.0204 0 0 2 2 0
18.0366 0 0 2 2 0
18.0529 0 0 2 2 0
18.0692 0 0 2 2 0
18.0855 0 0 2 2 0
18.1017 0 0 2 2 0
18.118 0 0 2 2 0
18.1343 0 0 2 2 0
18.1506 0 0 2 2 0
18.1668 0 0 2 2 0
18.1831 0 0 2 2 0
18.1994 0 0 2 2 0
18.2157 0 0 2 2 0
18.2319 0 0 2 2 0
18.2482 0 0 2 2 0
18.2645 0 0 2 2 0
18.2808 0 0 2 2 0
18.297 0 0 2 2 0
18.3133 0 0 2 2 0
18.3296 0 0 2 2 0
18.3459 0 0 2 2 0
18.3621 0 0 2 2 0
18.3784 0 0 2 2 0
18.3947 0 0 2 2 0
18.411 0 0 2 2 0
18.4272 0 0 2 2 0
18.4435 0 0 2 2 0
18.4598 0 0 2 2 0
18.476 0 0 2 2 0
18.4923 0 0 2 2 0
18.5086 0 0 2 2 0
18.5249 0 0 2 2 0
18.5411 0 0 2 2 0
18.5574 0 0 2 2 0
18.5737 0 0 2 2 0
18.59 0 0 2 2 0
18.6062 0 0 2 2 0
18.6225 0 0 2 2 0
18.6388 0 0 2 2 0
18.6551 0 0 2 2 0
18.6713 0 0 2 2 0
18.6876 0 0 2 2 0
18.7039 0 0 2 2 0
18.7202 0 0 2 2 0
18.7364 0 0 2 2 0
18.7527 0 0 2 2 0
18.769 0 0 2 2 0
18.7853 0 0 2 2 0
18.8015 0 0 2 2 0
18.8178 0 0 2 2 0
18.8341 0 0 2 2 0
18.8504 0 0 2 2 0
18.8666 0 0 2 2 0
18.8829 0 0 2 2 0
18.8992 0 0 2 2 0
18.9155 0 0 2 2 0
18.9317 0 0 2 2 0
18.948 0 0 2 2 0
18.9643 0 0 2 2 0
18.9806 0 0 2 2 0
18.9968 0 0 2 2 0
16.5556 0 0 2 2 0
16.5882 0 0 2 2 0
16.6045 0 0 2 2 0
16.6207 0 0 2 2 0
16.637 0 0 2 2 0
16.6533 0 0 2 2 0
16.6696 0 0 2 2 0
16.6858 0 0 2 2 0
16.7021 0 0 2 2 0
16.7184 0 0 2 2 0
16.7347 0 0 2 2 0
16.7509 0 0 2 2 0
16.7672 0 0 2 2 0
16.7835 0 0 2 2 0
16.7998 0 0 2 2 0
16.816 0 0 2 2 0
16.8323 0 0 2 2 0
16.8486 0 0 2 2 0
16.8649 0 0 2 2 0
16.8811 0 0 2 2 0
16.8974 0 0 2 2 0
16.9137 0 0 2 2 0
16.93 0 0 2 2 0
16.9462 0 0 2 2 0
16.9625 0 0 2 2 0
16.9788 0 0 2 2 0
16.9951 0 0 2 2 0
17.0113 0 0 2 2 0
17.0276 0 0 2 2 0
17.0439 0 0 2 2 0
17.0602 0 0 2 2 0
17.0764 0 0 2 2 0
17.0927 0 0 2 2 0
17.109 0 0 2 2 0
17.1253 0 0 2 2 0
17.1415 0 0 2 2 0
17.1578 0 0 2 2 0
17.1741 0 0 2 2 0
17.1904 0 0 2 2 0
17.2066 0 0 2 2 0
17.2229 0 0 2 2 0
17.2392 0 0 2 2 0
17.2554 0 0 2 2 0
17.2717 0 0 2 2 0
17.288 0 0 2 2 0
17.3043 0 0 2 2 0
17.3205 0 0 2 2 0
17.3368 0 0 2 2 0
17.3531 0 0 2 2 0
17.3694 0 0 2 2 0
17.3856 0 0 2 2 0
17.4019 0 0 2 2 0
17.4182 0 0 2 2 0
17.4345 0 0 2 2 0
17.4507 0 0 2 2 0
17.467 0 0 2 2 0
17.4833 0 0 2 2 0
17.4996 0 0 2 2 0
17.5158 0 0 2 2 0
17.5321 0 0 2 2 0
17.5484 0 0 2 2 0
17.5647 0 0 2 2 0
17.5809 0 0 2 2 0
17.5972 0 0 2 2 0
17.6135 0 0 2 2 0
17.6298 0 0 2 2 0
17.646 0 0 2 2 0
17.6623 0 0 2 2 0
17.6786 0 0 2 2 0
17.6949 0 0 2 2 0
17.7111 0 0 2 2 0
17.7274 0 0 2 2 0
17.7437 0 0 2 2 0
17.76 0 0 2 2 0
17.7762 0 0 2 2 0
17.7925 0 0 2 2 0
17.8088 0 0 2 2 0
17.8251 0 0 2 2 0
17.8413 0 0 2 2 0
17.8576 0 0 2 2 0
17.8739 0 0 2 2 0
17.8902 0 0 2 2 0
17.9064 0 0 2 2 0
17.9227 0 0 2 2 0
17.939 0 0 2 2 0
17.9553 0 0 2 2 0
17.9715 0 0 2 2 0
17.9878 0 0 2 2 0
18.0041 0 0 2 2 0
18.0204 0 0 2 2 0
18.0366 0 0 2 2 0
18.0529 0 0 2 2 0
18.0692 0 0 2 2 0
18.0855 0 0 2 2 0
18.1017 0 0 2 2 0
18.118 0 0 2 2 0
18.1343 0 0 2 2 0
18.1506 0 0 2 2 0
18.1668 0 0 2 2 0
18.1831 0 0 2 2 0
18.1994 0 0 2 2 0
18.2157 0 0 2 2 0
18.2319 0 0 2 2 0
18.2482 0 0 2 2 0
18.2645 0 0 2 2 0
18.2808 0 0 2 2 0
18.297 0 0 2 2 0
18.3133 0 0 2 2 0
18.3296 0 0 2 2 0
18.3459 0 0 2 2 0
18.3621 0 0 2 2 0
18.3784 0 0 2 2 0
18.3947 0 0 2 2 0
18.411 0 0 2 2 0
18.4272 0 0 2 2 0
18.4435 0 0 2 2 0
18.4598 0 0 2 2 0
18.476 0 0 2 2 0
18.4923 0 0 2 2 0
18.5086 0 0 2 2 0
18.5249 0 0 2 2 0
18.5411 0 0 2 2 0
18.5574 0 0 2 2 0
18.5737 0 0 2 2 0
18.59 0 0 2 2 0
18.6062 0 0 2 2 0
18.6225 0 0 2 2 0
18.6388 0 0 2 2 0
18.6551 0 0 2 2 0
18.6713 0 0 2 2 0
18.6876 0 0 2 2 0
18.7039 0 0 2 2 0
18.7202 0 0 2 2 0
18.7364 0 0 2 2 0
18.7527 0 0 2 2 0
18.769 0 0 2 2 0
18.7853 0 0 2 2 0
18.8015 0 0 2 2 0
18.8178 0 0 2 2 0
18.8341 0 0 2 2 0
18.8504 0 0 2 2 0
18.8666 0 0 2 2 0
18.8829 0 0 2 2 0
18.8992 0 0 2 2 0
18.9155 0 0 2 2 0
18.9317 0 0 2 2 0
18.948 0 0 2 2 0
18.9643 0 0 2 2 0
18.9806 0 0 2 2 0
18.9968 0 0 2 2 0
19.0131 0 0 2 2 0
19.0294 0 0 2 2 0
19.0457 0 0 2 2 0
19.0619 0 0 2 2 0
19.0782 0 0 2 2 0
19.0945 0 0 2 2 0
19.1108 0 0 2 2 0
19.127 0 0 2 2 0
19.1433 0 0 2 2 0
19.1596 0 0 2 2 0
19.1759 0 0 2 2 0
19.1921 0 0 2 2 0
19.2084 0 0 2 2 0
19.2247 0 0 2 2 0
19.241 0 0 2 2 0
19.2572 0 0 2 2 0
19.2735 0 0 2 2 0
19.2898 0 0 2 2 0
19.3061 0 0 2 2 0
19.3223 0 0 2 2 0
19.3386 0 0 2 2 0
19.3549 0 0 2 2 0
19.3712 0 0 2 2 0
19.3874 0 0 2 2 0
19.4037 0 0 2 2 0
19.42 0 0 2 2 0
19.4363 0 0 2 2 0
19.4525 0 0 2 2 0
19.4688 0 0 2 2 0
19.4851 0 0 2 2 0
19.5014 0 0 2 2 0
19.5176 0 0 2 2 0
19.5339 0 0 2 2 0
19.5502 0 0 2 2 0
19.5665 0 0 2 2 0
19.5827 0 0 2 2 0
19.599 0 0 2 2 0
19.6153 0 0 2 2 0
19.6316 0 0 2 2 0
19.6478 0 0 2 2 0
19.6641 0 0 2 2 0
19.6804 0 0 2 2 0
19.6967 0 0 2 2 0
19.7129 0 0 2 2 0
19.7292 0 0 2 2 0
19.7455 0 0 2 2 0
19.7617 0 0 2 2 0
19.778 0 0 2 2 0
19.7943 0 0 2 2 0
19.8106 0 0 2 2 0
17.1315 0.0251664 0.0251664 2 1 0
17.1315 0.0251664 0.0251664 2 1 0
17.3099 0.0257323 0.0169581 4 5 0
17.3297 0.0257513 0.0169553 3 5 0
17.3495 0.0257703 0.0169525 3 5 0
17.3693 0.0257898 0.0169509 3 5 0
17.3892 0.0258087 0.0169482 3 5 0
17.409 0.0258276 0.0169454 3 5 0
17.4288 0.025846 0.0169435 3 5 0
17.4486 0.0258648 0.0169408 3 5 0
17.4685 0.0258835 0.0169382 3 5 0
17.4883 0.0259025 0.0169358 3 5 0
17.5081 0.0259211 0.0169332 3 5 0
17.5279 0.0259398 0.0169306 3 5 0
17.5478 0.0259582 0.0169283 3 5 0
17.5676 0.0259768 0.0169258 3 5 0
17.5874 0.0259953 0.0169232 3 5 0
17.6072 0.0260138 0.0169208 3 5 0
17.6271 0.0260323 0.0169183 3 5 0
17.6469 0.0260507 0.0169158 3 5 0
17.6667 0.026069 0.0169134 3 5 0
17.6866 0.0260874 0.0169109 3 5 0
17.7064 0.0261057 0.0169085 3 5 0
17.7262 0.026124 0.0169061 3 5 0
17.7461 0.0261422 0.0169037 3 5 0
17.7659 0.0261605 0.0169014 3 5 0
17.7857 0.0261786 0.016899 3 5 0
17.8056 0.0261967 0.0168967 3 5 0
17.8254 0.0262149 0.0168944 3 5 0
17.8452 0.0262329 0.016892 3 5 0
17.8651 0.026251 0.0168898 3 5 0
17.8849 0.026269 0.0168875 3 5 0
17.9047 0.0262869 0.0168853 3 5 0
17.9246 0.0263049 0.016883 3 5 0
17.9444 0.0263228 0.0168808 3 5 0
17.9642 0.0263406 0.0168786 3 5 0
17.9841 0.0263585 0.0168764 3 5 0
18.0039 0.0263763 0.0168743 3 5 0
18.0238 0.0263941 0.0168721 3 5 0
18.0436 0.0264118 0.01687 3 5 0
18.0634 0.0264296 0.0168679 3 5 0
18.0833 0.0264472 0.0168658 3 5 0
18.1031 0.0264649 0.0168637 3 5 0
18.123 0.0264825 0.0168617 3 5 0
18.1428 0.0265001 0.0168596 3 5 0
18.1627 0.0265177 0.0168575 3 5 0
18.1825 0.0265352 0.0168556 3 5 0
18.2023 0.0265527 0.0168535 3 5 0
18.2222 0.0265702 0.0168515 3 5 0
18.242 0.0265877 0.0168496 3 5 0
18.2619 0.026605 0.0168476 3 5 0
18.2817 0.0266224 0.0168457 3 5 0
18.3016 0.0266398 0.0168437 3 5 0
18.3214 0.0266571 0.0168418 3 5 0
18.3413 0.0266744 0.0168399 3 5 0
18.3611 0.0266917 0.016838 3 5 0
18.381 0.0267089 0.0168361 3 5 0
18.4008 0.0267261 0.0168343 3 5 0
18.4207 0.0267433 0.0168325 3 5 0
18.4405 0.0267604 0.0168306 3 5 0
18.4604 0.0267776 0.0168288 3 5 0
18.4802 0.0267947 0.016827 3 5 0
18.5001 0.0268117 0.0168252 3 5 0
18.5199 0.0268288 0.0168234 3 5 0
18.5398 0.0268458 0.0168217 3 5 0
18.5596 0.0268628 0.0168199 3 5 0
18.5795 0.0268798 0.0168182 3 5 0
18.5993 0.0268967 0.0168165 3 5 0
18.6192 0.0269136 0.0168147 3 5 0
18.639 0.0269305 0.0168131 3 5 0
18.6589 0.0269473 0.0168114 3 5 0
18.6787 0.0269641 0.0168097 3 5 0
18.6986 0.0269809 0.0168081 3 5 0
18.7185 0.0269977 0.0168065 3 5 0
18.7383 0.0270144 0.0168048 3 5 0
18.7582 0.0270312 0.0168032 3 5 0
18.778 0.0270479 0.0168016 3 5 0
18.7979 0.0270645 0.0168 3 5 0
18.8177 0.0270812 0.0167984 3 5 0
18.8376 0.0270978 0.0167969 3 5 0
18.8575 0.0271143 0.0167952 3 5 0
18.8773 0.0271309 0.0167937 3 5 0
18.8972 0.0271475 0.0167922 3 5 0
18.917 0.027164 0.0167906 3 5 0
18.9369 0.0271805 0.0167892 3 5 0
18.9568 0.0271969 0.0167877 3 5 0
18.9766 0.0272133 0.0167862 3 5 0
18.9965 0.0272298 0.0167847 3 5 0
19.0163 0.0272462 0.0167833 3 5 0
19.0362 0.0272625 0.0167818 3 5 0
19.0561 0.0272789 0.0167804 3 5 0
19.0759 0.0272952 0.0167789 3 5 0
19.0958 0.0273114 0.0167775 3 5 0
19.1157 0.0273277 0.0167761 3 5 0
19.1355 0.027344 0.0167747 3 5 0
19.1554 0.0273601 0.0167733 3 5 0
19.1753 0.0273764 0.0167719 3 5 0
19.1951 0.0273925 0.0167706 3 5 0
19.215 0.0274087 0.0167692 3 5 0
19.2349 0.0274248 0.0167679 3 5 0
19.2547 0.0274409 0.0167666 3 5 0
19.2746 0.0274569 0.0167652 3 5 0
19.2945 0.027473 0.0167639 3 5 0
19.3143 0.0274891 0.0167626 3 5 0
19.3342 0.027505 0.0167613 3 5 0
19.3541 0.027521 0.01676 3 5 0
19.3739 0.027537 0.0167588 3 5 0
19.3938 0.0275529 0.0167575 3 5 0
19.4137 0.0275688 0.0167563 3 5 0
19.4335 0.0275847 0.016755 3 5 0
19.4534 0.0276005 0.0167538 3 5 0
19.4733 0.0276164 0.0167526 3 5 0
19.4931 0.0276322 0.0167514 3 5 0
19.513 0.027648 0.0167501 3 5 0
19.5329 0.0276638 0.016749 3 5 0
19.5528 0.0276796 0.0167478 3 5 0
19.5726 0.0276953 0.0167466 3 5 0
19.5925 0.027711 0.0167454 3 5 0
19.6124 0.0277267 0.0167443 3 5 0
19.6322 0.0277423 0.0167431 3 5 0
19.6521 0.027758 0.016742 3 5 0
19.672 0.0277736 0.0167409 3 5 0
19.6919 0.0277892 0.0167397 3 5 0
19.7117 0.0278048 0.0167387 3 5 0
19.7316 0.0278204 0.0167376 3 5 0
19.7515 0.0278359 0.0167364 3 5 0
19.7714 0.0278514 0.0167354 3 5 0
19.7912 0.0278669 0.0167343 3 5 0
19.8111 0.0278823 0.0167332 3 5 0
19.831 0.0278978 0.0167322 3 5 0
19.8509 0.0279133 0.0167312 3 5 0
19.8707 0.0279286 0.0167301 3 5 0
19.8906 0.027944 0.0167291 3 5 0
19.9105 0.0279594 0.0167281 3 5 0
19.9304 0.0279747 0.016727 3 5 0
19.9502 0.0279901 0.016726 3 5 0
19.9701 0.0280054 0.0167251 3 5 0
19.99 0.0280206 0.0167241 3 5 0
20.0099 0.0280359 0.0167231 3 5 0
20.0298 0.0280512 0.0167221 3 5 0
20.0496 0.0280664 0.0167212 3 5 0
20.0695 0.0280816 0.0167202 3 5 0
20.0894 0.0280968 0.0167193 3 5 0
20.1093 0.0281119 0.0167183 3 5 0
20.1292 0.0281271 0.0167174 3 5 0
20.149 0.0281422 0.0167165 3 5 0
20.1689 0.0281573 0.0167156 3 5 0
20.1888 0.0281724 0.0167147 3 5 0
20.2087 0.0281875 0.0167138 3 5 0
20.2286 0.0282025 0.0167129 3 5 0
20.2484 0.0282175 0.0167121 3 5 0
20.2683 0.0282325 0.0167112 3 5 0
20.2882 0.0282475 0.0167103 3 5 0
20.3081 0.0282625 0.0167095 3 5 0
20.328 0.0282774 0.0167087 3 5 0
20.3479 0.0282923 0.0167079 3 5 0
20.3677 0.0283072 0.016707 3 5 0
20.3876 0.0283221 0.0167062 3 5 0
20.4075 0.028337 0.0167055 3 5 0
20.4274 0.0283518 0.0167047 3 5 0
20.4473 0.0283667 0.0167039 3 5 0
20.4672 0.0283814 0.0167033 3 5 0
20.4871 0.0283962 0.0167026 3 5 0
20.5069 0.028411 0.0167018 3 5 0
20.5268 0.0284257 0.0167011 3 5 0
20.5467 0.0284405 0.0167003 3 5 0
20.5666 0.0284552 0.0166996 3 5 0
20.5865 0.02847 0.0166983 3 5 0
20.6064 0.0284847 0.0166975 3 5 0
20.6263 0.0284994 0.0166968 3 5 0
20.6461 0.028514 0.0166957 3 5 0
20.666 0.0285286 0.016695 3 5 0
20.6859 0.0285433 0.0166942 3 5 0
20.7058 0.0285579 0.0166931 3 5 0
20.7257 0.0285725 0.0166924 3 5 0
20.7456 0.028587 0.0166917 3 5 0
20.7655 0.0286015 0.0166908 3 5 0
20.7854 0.0286161 0.0166901 3 5 0
20.8052 0.0286306 0.0166894 3 5 0
20.8251 0.0286451 0.0166885 3 5 0
20.845 0.0286596 0.0166879 3 5 0
20.8649 0.028674 0.0166872 3 5 0
20.8848 0.0286884 0.0166864 3 5 0
20.9047 0.0287029 0.0166857 3 5 0
20.9246 0.0287173 0.0166851 3 5 0
20.9445 0.0287316 0.0166843 3 5 0
20.9644 0.028746 0.0166837 3 5 0
20.9843 0.0287604 0.016683 3 5 0
21.0042 0.0287747 0.0166823 3 5 0
21.024 0.028789 0.0166817 3 5 0
21.0439 0.0288033 0.0166811 3 5 0
21.0638 0.0288176 0.0166803 3 5 0
21.0837 0.0288319 0.0166797 3 5 0
21.1036 0.0288461 0.0166791 3 5 0
21.1235 0.0288603 0.0166784 3 5 0
21.1434 0.0288745 0.0166778 3 5 0
21.1633 0.0288888 0.0166772 3 5 0
21.1832 0.0289029 0.0166765 3 5 0
21.2031 0.0289171 0.016676 3 5 0
21.223 0.0289312 0.0166754 3 5 0
21.2429 0.0289453 0.0166747 3 5 0
21.2628 0.0289595 0.0166742 3 5 0
17.9716 0.0205814 0.0205814 2 1 0
18.0116 0.0205889 0.0205889 2 1 0
18.0316 0.0205927 0.0205927 2 1 0
18.0515 0.0205965 0.0205965 2 1 0
18.0715 0.0206003 0.0206003 2 1 0
18.0915 0.020604 0.020604 2 1 0
18.1115 0.0206078 0.0206078 2 1 0
18.1314 0.0206115 0.0206115 2 1 0
18.1514 0.0206153 0.0206153 2 1 0
18.1714 0.020619 0.020619 2 1 0
18.1914 0.0206228 0.0206228 2 1 0
18.2114 0.0206265 0.0206265 2 1 0
18.2313 0.0206302 0.0206302 2 1 0
18.2513 0.020634 0.020634 2 1 0
18.2713 0.0206377 0.0206377 2 1 0
18.2913 0.0206414 0.0206414 2 1 0
18.3112 0.0206451 0.0206451 2 1 0
18.3312 0.0206489 0.0206489 2 1 0
18.3512 0.0206526 0.0206526 2 1 0
18.3712 0.0206563 0.0206563 2 1 0
18.3912 0.02066 0.02066 2 1 0
18.4111 0.0206637 0.0206637 2 1 0
18.4311 0.0206674 0.0206674 2 1 0
18.4511 0.0206711 0.0206711 2 1 0
18.4711 0.0206747 0.0206747 2 1 0
18.4911 0.0206784 0.0206784 2 1 0
18.511 0.0206821 0.0206821 2 1 0
18.531 0.0206858 0.0206858 2 1 0
18.551 0.0206895 0.0206895 2 1 0
18.571 0.0206931 0.0206931 2 1 0
18.5909 0.0206968 0.0206968 2 1 0
18.6109 0.0207004 0.0207004 2 1 0
18.6309 0.0207041 0.0207041 2 1 0
18.6509 0.0207077 0.0207077 2 1 0
18.6709 0.0207114 0.0207114 2 1 0
18.6908 0.020715 0.020715 2 1 0
18.7108 0.0207187 0.0207187 2 1 0
18.7308 0.0207223 0.0207223 2 1 0
18.7508 0.0207259 0.0207259 2 1 0
18.7708 0.0207296 0.0207296 2 1 0
18.7907 0.0207332 0.0207332 2 1 0
18.8107 0.0207368 0.0207368 2 1 0
18.8307 0.0207404 0.0207404 2 1 0
18.8507 0.0207441 0.0207441 2 1 0
18.8707 0.0207477 0.0207477 2 1 0
18.8906 0.0207513 0.0207513 2 1 0
18.9106 0.0207549 0.0207549 2 1 0
18.9306 0.0207585 0.0207585 2 1 0
18.9506 0.0207621 0.0207621 2 1 0
18.9706 0.0207656 0.0207656 2 1 0
18.9905 0.0207692 0.0207692 2 1 0
19.0105 0.0207728 0.0207728 2 1 0
19.0305 0.0207764 0.0207764 2 1 0
19.0505 0.02078 0.02078 2 1 0
19.0705 0.0207835 0.0207835 2 1 0
19.0904 0.0207871 0.0207871 2 1 0
19.1104 0.0207907 0.0207907 2 1 0
19.1304 0.0207942 0.0207942 2 1 0
19.1504 0.0207978 0.0207978 2 1 0
19.1704 0.0208014 0.0208014 2 1 0
19.1903 0.0208049 0.0208049 2 1 0
19.2103 0.0208084 0.0208084 2 1 0
19.2303 0.020812 0.020812 2 1 0
19.2503 0.0208155 0.0208155 2 1 0
19.2703 0.0208191 0.0208191 2 1 0
19.2902 0.0208226 0.0208226 2 1 0
19.3102 0.0208261 0.0208261 2 1 0
19.3302 0.0208296 0.0208296 2 1 0
19.3502 0.0208332 0.0208332 2 1 0
19.3702 0.0208367 0.0208367 2 1 0
19.3901 0.0208402 0.0208402 2 1 0
19.4101 0.0208437 0.0208437 2 1 0
19.4301 0.0208472 0.0208472 2 1 0
19.4501 0.0208507 0.0208507 2 1 0
19.4701 0.0208542 0.0208542 2 1 0
19.49 0.0208577 0.0208577 2 1 0
19.51 0.0208612 0.0208612 2 1 0
19.53 0.0208647 0.0208647 2 1 0
19.55 0.0208682 0.0208682 2 1 0
19.57 0.0208717 0.0208717 2 1 0
19.59 0.0208751 0.0208751 2 1 0
19.6099 0.0208786 0.0208786 2 1 0
19.6299 0.0208821 0.0208821 2 1 0
19.6499 0.0208856 0.0208856 2 1 0
19.6699 0.020889 0.020889 2 1 0
19.6899 0.0208925 0.0208925 2 1 0
19.7098 0.0208959 0.0208959 2 1 0
19.7298 0.0208994 0.0208994 2 1 0
19.7498 0.0209028 0.0209028 2 1 0
19.7698 0.0209063 0.0209063 2 1 0
19.7898 0.0209097 0.0209097 2 1 0
19.8097 0.0209132 0.0209132 2 1 0
19.8297 0.0209166 0.0209166 2 1 0
19.8497 0.02092 0.02092 2 1 0
19.8697 0.0209235 0.0209235 2 1 0
19.8897 0.0209269 0.0209269 2 1 0
19.9097 0.0209303 0.0209303 2 1 0
19.9296 0.0209337 0.0209337 2 1 0
19.9496 0.0209372 0.0209372 2 1 0
19.9696 0.0209406 0.0209406 2 1 0
19.9896 0.020944 0.020944 2 1 0
20.0096 0.0209474 0.0209474 2 1 0
20.0295 0.0209508 0.0209508 2 1 0
20.0495 0.0209542 0.0209542 2 1 0
20.0695 0.0209576 0.0209576 2 1 0
20.0895 0.020961 0.020961 2 1 0
20.1095 0.0209644 0.0209644 2 1 0
20.1295 0.0209678 0.0209678 2 1 0
20.1494 0.0209711 0.0209711 2 1 0
20.1694 0.0209745 0.0209745 2 1 0
20.1894 0.0209779 0.0209779 2 1 0
20.2094 0.0209813 0.0209813 2 1 0
20.2294 0.0209846 0.0209846 2 1 0
20.2493 0.020988 0.020988 2 1 0
20.2693 0.0209914 0.0209914 2 1 0
20.2893 0.0209947 0.0209947 2 1 0
20.3093 0.0209981 0.0209981 2 1 0
20.3293 0.0210014 0.0210014 2 1 0
20.3493 0.0210048 0.0210048 2 1 0
20.3692 0.0210081 0.0210081 2 1 0
20.3892 0.0210115 0.0210115 2 1 0
20.4092 0.0210148 0.0210148 2 1 0
20.4292 0.0210182 0.0210182 2 1 0
20.4492 0.0210215 0.0210215 2 1 0
20.4692 0.0210248 0.0210248 2 1 0
20.4891 0.0210281 0.0210281 2 1 0
20.5091 0.0210315 0.0210315 2 1 0
20.5291 0.0210348 0.0210348 2 1 0
20.5491 0.0210381 0.0210381 2 1 0
20.5691 0.0210414 0.0210414 2 1 0
20.5891 0.0210447 0.0210447 2 1 0
20.609 0.021048 0.021048 2 1 0
20.629 0.0210513 0.0210513 2 1 0
20.649 0.0210547 0.0210547 2 1 0
20.669 0.021058 0.021058 2 1 0
20.689 0.0210612 0.0210612 2 1 0
20.709 0.0210645 0.0210645 2 1 0
20.7289 0.0210678 0.0210678 2 1 0
20.7489 0.0210711 0.0210711 2 1 0
20.7689 0.0210744 0.0210744 2 1 0
20.7889 0.0210777 0.0210777 2 1 0
20.8089 0.021081 0.021081 2 1 0
20.8288 0.0210842 0.0210842 2 1 0
20.8488 0.0210875 0.0210875 2 1 0
20.8688 0.0210908 0.0210908 2 1 0
20.8888 0.021094 0.021094 2 1 0
20.9088 0.0210973 0.0210973 2 1 0
20.9288 0.0211006 0.0211006 2 1 0
20.9487 0.0211038 0.0211038 2 1 0
20.9687 0.0211071 0.0211071 2 1 0
20.9887 0.0211103 0.0211103 2 1 0
21.0087 0.0211136 0.0211136 2 1 0
21.0287 0.0211168 0.0211168 2 1 0
21.0487 0.02112 0.02112 2 1 0
21.0687 0.0211233 0.0211233 2 1 0
21.0886 0.0211265 0.0211265 2 1 0
21.1086 0.0211297 0.0211297 2 1 0
21.1286 0.021133 0.021133 2 1 0
21.1486 0.0211362 0.0211362 2 1 0
21.1686 0.0211394 0.0211394 2 1 0
21.1886 0.0211426 0.0211426 2 1 0
21.2085 0.0211459 0.0211459 2 1 0
21.2285 0.0211491 0.0211491 2 1 0
21.2485 0.0211523 0.0211523 2 1 0
21.2685 0.0211555 0.0211555 2 1 0
21.2885 0.0211587 0.0211587 2 1 0
21.3085 0.0211619 0.0211619 2 1 0
21.3284 0.0211651 0.0211651 2 1 0
21.3484 0.0211683 0.0211683 2 1 0
21.3684 0.0211715 0.0211715 2 1 0
21.3884 0.0211747 0.0211747 2 1 0
21.4084 0.0211778 0.0211778 2 1 0
21.4284 0.021181 0.021181 2 1 0
21.4483 0.0211842 0.0211842 2 1 0
21.4683 0.0211874 0.0211874 2 1 0
21.4883 0.0211906 0.0211906 2 1 0
21.5083 0.0211937 0.0211937 2 1 0
21.5283 0.0211969 0.0211969 2 1 0
21.5483 0.0212001 0.0212001 2 1 0
21.5683 0.0212032 0.0212032 2 1 0
21.5882 0.0212064 0.0212064 2 1 0
21.6082 0.0212096 0.0212096 2 1 0
21.6282 0.0212127 0.0212127 2 1 0
21.6482 0.0212159 0.0212159 2 1 0
21.6682 0.021219 0.021219 2 1 0
21.6882 0.0212222 0.0212222 2 1 0
21.7081 0.0212253 0.0212253 2 1 0
21.7281 0.0212284 0.0212284 2 1 0
21.7481 0.0212316 0.0212316 2 1 0
21.7681 0.0212347 0.0212347 2 1 0
21.7881 0.0212378 0.0212378 2 1 0
21.8081 0.021241 0.021241 2 1 0
21.8281 0.0212441 0.0212441 2 1 0
21.848 0.0212472 0.0212472 2 1 0
21.868 0.0212503 0.0212503 2 1 0
21.888 0.0212535 0.0212535 2 1 0
21.908 0.0212566 0.0212566 2 1 0
21.928 0.0212597 0.0212597 2 1 0
21.948 0.0212628 0.0212628 2 1 0
21.9679 0.0212659 0.0212659 2 1 0
