10 4.64166 4.64166 2 1 0
10.0386 4.65069 4.65069 1 1 0
10.0585 4.65237 4.65237 1 1 0
10.0784 4.65405 4.65405 1 1 0
10.0984 4.65572 4.65572 1 1 0
10.1183 4.65739 4.65739 1 1 0
10.1382 4.65906 4.65906 1 1 0
10.1581 4.66073 4.66073 1 1 0
10.1781 4.66239 4.66239 1 1 0
10.198 4.66405 4.66405 1 1 0
10.2179 4.66571 4.66571 1 1 0
10.2379 4.66736 4.66736 1 1 0
10.2578 4.66901 4.66901 1 1 0
10.2777 4.67066 4.67066 1 1 0
10.2977 4.6723 4.6723 1 1 0
10.3176 4.67394 4.67394 1 1 0
10.3375 4.67558 4.67558 1 1 0
10.3575 4.67721 4.67721 1 1 0
10.3774 4.67884 4.67884 1 1 0
10.3973 4.68047 4.68047 1 1 0
10.4173 4.68209 4.68209 1 1 0
10.4372 4.68371 4.68371 1 1 0
10.4571 4.68533 4.68533 1 1 0
10.4771 4.68695 4.68695 1 1 0
10.497 4.68856 4.68856 1 1 0
10.5169 4.69017 4.69017 1 1 0
10.5369 4.69178 4.69178 1 1 0
10.5568 4.69338 4.69338 1 1 0
10.5767 4.69498 4.69498 1 1 0
10.5967 4.69658 4.69658 1 1 0
10.6166 4.69817 4.69817 1 1 0
10.6366 4.69976 4.69976 1 1 0
10.6565 4.70135 4.70135 1 1 0
10.6764 4.70294 4.70294 1 1 0
10.6964 4.70452 4.70452 1 1 0
10.7163 4.7061 4.7061 1 1 0
10.7362 4.70768 4.70768 1 1 0
10.7562 4.70925 4.70925 1 1 0
10.7761 4.71082 4.71082 1 1 0
10.7961 4.71239 4.71239 1 1 0
10.816 4.71395 4.71395 1 1 0
10.8359 4.71552 4.71552 1 1 0
10.8559 4.71708 4.71708 1 1 0
10.8758 4.71863 4.71863 1 1 0
10.8957 4.72019 4.72019 1 1 0
10.9157 4.72174 4.72174 1 1 0
10.9356 4.72329 4.72329 1 1 0
10.9556 4.72483 4.72483 1 1 0
10.9755 4.72637 4.72637 1 1 0
10.9954 4.72791 4.72791 1 1 0
11.0154 4.72945 4.72945 1 1 0
11.0353 4.73099 4.73099 1 1 0
11.0553 4.73252 4.73252 1 1 0
11.0752 4.73405 4.73405 1 1 0
11.0952 4.73557 4.73557 1 1 0
11.1151 4.7371 4.7371 1 1 0
11.135 4.73862 4.73862 1 1 0
11.155 4.74014 4.74014 1 1 0
11.1749 4.74165 4.74165 1 1 0
11.1949 4.74316 4.74316 1 1 0
11.2148 4.74467 4.74467 1 1 0
11.2348 4.74618 4.74618 1 1 0
11.2547 4.74769 4.74769 1 1 0
11.2746 4.74919 4.74919 1 1 0
11.2946 4.75069 4.75069 1 1 0
11.3145 4.75218 4.75218 1 1 0
11.3345 4.75368 4.75368 1 1 0
11.3544 4.75517 4.75517 1 1 0
11.3744 4.75666 4.75666 1 1 0
11.3943 4.75815 4.75815 1 1 0
11.4142 4.75963 4.75963 1 1 0
11.4342 4.76111 4.76111 1 1 0
11.4541 4.76259 4.76259 1 1 0
11.4741 4.76407 4.76407 1 1 0
11.494 4.76554 4.76554 1 1 0
11.514 4.76701 4.76701 1 1 0
11.5339 4.76848 4.76848 1 1 0
11.5539 4.76995 4.76995 1 1 0
11.5738 4.77141 4.77141 1 1 0
11.5938 4.77287 4.77287 1 1 0
11.6137 4.77433 4.77433 1 1 0
11.6337 4.77578 4.77578 1 1 0
11.6536 4.77724 4.77724 1 1 0
11.6735 4.77869 4.77869 1 1 0
11.6935 4.78014 4.78014 1 1 0
11.7134 4.78158 4.78158 1 1 0
11.7334 4.78303 4.78303 1 1 0
11.7533 4.78447 4.78447 1 1 0
11.7733 4.78591 4.78591 1 1 0
11.7932 4.78735 4.78735 1 1 0
11.8132 4.78878 4.78878 1 1 0
11.8331 4.79021 4.79021 1 1 0
11.8531 4.79164 4.79164 1 1 0
11.873 4.79307 4.79307 1 1 0
11.893 4.79449 4.79449 1 1 0
11.9129 4.79592 4.79592 1 1 0
11.9329 4.79734 4.79734 1 1 0
11.9528 4.79875 4.79875 1 1 0
11.9728 4.80017 4.80017 1 1 0
11.9927 4.80158 4.80158 1 1 0
12.0127 4.80299 4.80299 1 1 0
12.0326 4.8044 4.8044 1 1 0
12.0526 4.80581 4.80581 1 1 0
12.0725 4.80721 4.80721 1 1 0
12.0925 4.80861 4.80861 1 1 0
12.1124 4.81001 4.81001 1 1 0
12.1324 4.81141 4.81141 1 1 0
12.1523 4.8128 4.8128 1 1 0
12.1723 4.81419 4.81419 1 1 0
12.1922 4.81558 4.81558 1 1 0
12.2122 4.81697 4.81697 1 1 0
12.2321 4.81836 4.81836 1 1 0
12.2521 4.81974 4.81974 1 1 0
12.272 4.82112 4.82112 1 1 0
12.292 4.8225 4.8225 1 1 0
12.312 4.82388 4.82388 1 1 0
12.3319 4.82525 4.82525 1 1 0
12.3519 4.82662 4.82662 1 1 0
12.3718 4.82799 4.82799 1 1 0
12.3918 4.82936 4.82936 1 1 0
12.4117 4.83073 4.83073 1 1 0
12.4317 4.83209 4.83209 1 1 0
12.4516 4.83345 4.83345 1 1 0
12.4716 4.83481 4.83481 1 1 0
12.4915 4.83617 4.83617 1 1 0
12.5115 4.83752 4.83752 1 1 0
12.5314 4.83888 4.83888 1 1 0
12.5514 4.84023 4.84023 1 1 0
12.5713 4.84157 4.84157 1 1 0
12.5913 4.84292 4.84292 1 1 0
12.6113 4.84427 4.84427 1 1 0
12.6312 4.84561 4.84561 1 1 0
12.6512 4.84695 4.84695 1 1 0
12.6711 4.84829 4.84829 1 1 0
12.6911 4.84962 4.84962 1 1 0
12.711 4.85096 4.85096 1 1 0
12.731 4.85229 4.85229 1 1 0
12.7509 4.85362 4.85362 1 1 0
12.7709 4.85494 4.85494 1 1 0
12.7909 4.85627 4.85627 1 1 0
12.8108 4.85759 4.85759 1 1 0
12.8308 4.85892 4.85892 1 1 0
12.8507 4.86023 4.86023 1 1 0
12.8707 4.86155 4.86155 1 1 0
12.8906 4.86287 4.86287 1 1 0
12.9106 4.86418 4.86418 1 1 0
12.9306 4.86549 4.86549 1 1 0
12.9505 4.8668 4.8668 1 1 0
12.9705 4.86811 4.86811 1 1 0
12.9904 4.86941 4.86941 1 1 0
13.0104 4.87072 4.87072 1 1 0
13.0303 4.87202 4.87202 1 1 0
13.0503 4.87332 4.87332 1 1 0
13.0703 4.87462 4.87462 1 1 0
13.0902 4.87591 4.87591 1 1 0
13.1102 4.87721 4.87721 1 1 0
13.1301 4.8785 4.8785 1 1 0
13.1501 4.87979 4.87979 1 1 0
13.17 4.88107 4.88107 1 1 0
13.19 4.88236 4.88236 1 1 0
13.21 4.88364 4.88364 1 1 0
13.2299 4.88493 4.88493 1 1 0
13.2499 4.88621 4.88621 1 1 0
13.2698 4.88748 4.88748 1 1 0
13.2898 4.88876 4.88876 1 1 0
13.3098 4.89004 4.89004 1 1 0
13.3297 4.89131 4.89131 1 1 0
13.3497 4.89258 4.89258 1 1 0
13.3696 4.89385 4.89385 1 1 0
13.3896 4.89511 4.89511 1 1 0
13.4096 4.89638 4.89638 1 1 0
13.4295 4.89764 4.89764 1 1 0
13.4495 4.8989 4.8989 1 1 0
13.4694 4.90016 4.90016 1 1 0
13.4783 4.90072 4.90072 2 1 0
13.4983 4.90198 4.90198 2 1 0
13.5182 4.90323 4.90323 2 1 0
13.5382 4.90449 4.90449 2 1 0
13.5582 4.90574 4.90574 2 1 0
13.5781 4.90699 4.90699 2 1 0
13.5981 4.90824 4.90824 2 1 0
13.618 4.90948 4.90948 2 1 0
13.638 4.91073 4.91073 2 1 0
13.658 4.91197 4.91197 2 1 0
13.6779 4.91321 4.91321 2 1 0
13.6979 4.91445 4.91445 2 1 0
13.7178 4.91568 4.91568 2 1 0
13.7378 4.91692 4.91692 2 1 0
13.7578 4.91815 4.91815 2 1 0
13.7777 4.91938 4.91938 2 1 0
13.7977 4.92061 4.92061 2 1 0
13.8177 4.92184 4.92184 2 1 0
13.8376 4.92307 4.92307 2 1 0
13.8576 4.92429 4.92429 2 1 0
13.8775 4.92551 4.92551 2 1 0
13.8975 4.92674 4.92674 2 1 0
13.9175 4.92796 4.92796 2 1 0
13.9374 4.92917 4.92917 2 1 0
13.9574 4.93039 4.93039 2 1 0
13.9774 4.9316 4.9316 2 1 0
13.4783 4.90072 4.90072 4 5 0
13.481 4.92922 4.87291 3 5 0
13.4887 4.95713 4.84694 3 5 0
13.4997 4.98261 4.82421 3 5 0
13.5129 5.00572 4.80441 3 5 0
13.5275 5.02689 4.7869 3 5 0
13.543 5.04653 4.77129 3 5 0
13.5592 5.06487 4.75705 3 5 0
13.576 5.08214 4.744 3 5 0
13.5931 5.09849 4.73177 3 5 0
13.6106 5.1141 4.72053 3 5 0
13.6283 5.12905 4.71001 3 5 0
13.6462 5.1433 4.70012 3 5 0
13.6643 5.15716 4.69077 3 5 0
13.6826 5.17056 4.6819 3 5 0
13.7009 5.18366 4.67346 3 5 0
13.7194 5.19631 4.66541 3 5 0
13.738 5.20862 4.65772 3 5 0
13.7566 5.22075 4.65032 3 5 0
13.7753 5.23248 4.64324 3 5 0
13.7941 5.24395 4.63643 3 5 0
13.813 5.2553 4.62982 3 5 0
13.8318 5.26631 4.62349 3 5 0
13.8508 5.27711 4.61737 3 5 0
13.8698 5.28782 4.6114 3 5 0
13.8888 5.29825 4.60567 3 5 0
13.9079 5.3085 4.6001 3 5 0
13.927 5.31861 4.59471 3 5 0
13.9461 5.32856 4.58946 3 5 0
13.9652 5.33835 4.58436 3 5 0
13.9844 5.34801 4.57951 3 5 0
14.0036 5.35754 4.57469 3 5 0
14.0228 5.36695 4.56999 3 5 0
14.0421 5.37622 4.56543 3 5 0
14.0614 5.38539 4.56096 3 5 0
14.0806 5.39446 4.5566 3 5 0
14.1 5.40328 4.55213 3 5 0
14.1193 5.41214 4.54796 3 5 0
14.1386 5.42091 4.54388 3 5 0
14.158 5.42958 4.54008 3 5 0
14.1773 5.43816 4.53618 3 5 0
14.1967 5.44667 4.53236 3 5 0
14.2161 5.45525 4.52865 3 5 0
14.2355 5.46359 4.52498 3 5 0
14.2549 5.47186 4.52139 3 5 0
14.2744 5.47989 4.51815 3 5 0
14.2938 5.488 4.5147 3 5 0
14.3133 5.49605 4.51132 3 5 0
14.3327 5.50367 4.50753 3 5 0
14.3522 5.51158 4.50427 3 5 0
14.3717 5.51943 4.50106 3 5 0
14.3912 5.52735 4.49812 3 5 0
14.4107 5.53508 4.49503 3 5 0
14.4302 5.54275 4.492 3 5 0
14.4497 5.55035 4.48913 3 5 0
14.4692 5.5579 4.4862 3 5 0
14.4887 5.56541 4.48331 3 5 0
14.5083 5.57279 4.48053 3 5 0
14.5278 5.58019 4.47775 3 5 0
14.5473 5.58755 4.47501 3 5 0
14.5669 5.59487 4.47217 3 5 0
14.5865 5.60214 4.46951 3 5 0
14.606 5.60936 4.4669 3 5 0
14.6256 5.61715 4.46446 3 5 0
14.6452 5.62429 4.46193 3 5 0
14.6647 5.63138 4.45943 3 5 0
14.6843 5.6384 4.4566 3 5 0
14.7039 5.64541 4.45418 3 5 0
14.7235 5.65238 4.4518 3 5 0
14.7431 5.65918 4.44972 3 5 0
14.7627 5.66607 4.44741 3 5 0
14.7823 5.67292 4.44513 3 5 0
14.8019 5.6793 4.44297 3 5 0
14.8216 5.68608 4.44076 3 5 0
14.8412 5.69281 4.43858 3 5 0
14.8608 5.69992 4.43619 3 5 0
14.8804 5.70659 4.43407 3 5 0
14.9001 5.71324 4.43198 3 5 0
14.9197 5.72 4.43043 3 5 0
14.9393 5.72658 4.4284 3 5 0
14.959 5.73312 4.42639 3 5 0
14.9786 5.73919 4.42463 3 5 0
14.9983 5.74567 4.42268 3 5 0
15.0179 5.75211 4.42076 3 5 0
15.0376 5.75824 4.41881 3 5 0
15.0573 5.76463 4.41693 3 5 0
15.0769 5.77098 4.41508 3 5 0
15.0966 5.77794 4.41335 3 5 0
15.1163 5.78424 4.41153 3 5 0
15.1359 5.79052 4.40974 3 5 0
15.1556 5.79618 4.40817 3 5 0
15.1753 5.80241 4.40642 3 5 0
15.195 5.80862 4.4047 3 5 0
15.2146 5.81561 4.40235 3 5 0
15.2343 5.82177 4.40067 3 5 0
15.254 5.82789 4.399 3 5 0
15.2737 5.83326 4.39733 3 5 0
15.2934 5.83934 4.39571 3 5 0
15.3131 5.8454 4.3941 3 5 0
15.3328 5.85218 4.39224 3 5 0
15.3525 5.85819 4.39067 3 5 0
15.3722 5.86417 4.38912 3 5 0
15.3919 5.86949 4.38817 3 5 0
15.4116 5.87543 4.38666 3 5 0
15.4313 5.88134 4.38516 3 5 0
15.451 5.8879 4.38292 3 5 0
15.4707 5.89378 4.38146 3 5 0
15.4904 5.89963 4.38001 3 5 0
15.5102 5.90532 4.37934 3 5 0
15.5299 5.91113 4.37793 3 5 0
15.5496 5.91693 4.37654 3 5 0
15.5693 5.92244 4.37428 3 5 0
15.589 5.92819 4.37292 3 5 0
15.6088 5.93393 4.37157 3 5 0
15.6285 5.94001 4.37108 3 5 0
15.6482 5.94571 4.36976 3 5 0
15.668 5.95138 4.36845 3 5 0
15.6877 5.95689 4.36692 3 5 0
15.7074 5.96252 4.36564 3 5 0
15.7272 5.96814 4.36438 3 5 0
15.7469 5.97392 4.36292 3 5 0
15.7666 5.97951 4.36168 3 5 0
15.7864 5.98507 4.36046 3 5 0
15.8061 5.9905 4.35948 3 5 0
15.8259 5.99603 4.35828 3 5 0
15.8456 6.00154 4.35709 3 5 0
15.8654 6.00718 4.35567 3 5 0
15.8851 6.01266 4.3545 3 5 0
15.9049 6.01812 4.35335 3 5 0
15.9246 6.02349 4.35241 3 5 0
15.9444 6.02892 4.35128 3 5 0
15.9641 6.03433 4.35016 3 5 0
15.9839 6.03982 4.34885 3 5 0
16.0036 6.0452 4.34775 3 5 0
16.0234 6.05057 4.34667 3 5 0
16.0431 6.05589 4.34574 3 5 0
16.0629 6.06122 4.34468 3 5 0
16.0827 6.06654 4.34363 3 5 0
16.1024 6.07189 4.34243 3 5 0
16.1222 6.07718 4.3414 3 5 0
16.142 6.08246 4.34038 3 5 0
16.1617 6.08771 4.33946 3 5 0
16.1815 6.09296 4.33846 3 5 0
16.2013 6.0982 4.33748 3 5 0
16.221 6.10342 4.33637 3 5 0
16.2408 6.10863 4.33541 3 5 0
16.2606 6.11382 4.33445 3 5 0
16.2804 6.119 4.33354 3 5 0
16.3001 6.12417 4.3326 3 5 0
16.3199 6.12932 4.33167 3 5 0
16.3397 6.13444 4.33066 3 5 0
16.3595 6.13957 4.32975 3 5 0
16.3792 6.14468 4.32884 3 5 0
16.399 6.14978 4.32795 3 5 0
16.4188 6.15487 4.32707 3 5 0
16.4386 6.15994 4.32619 3 5 0
16.4584 6.16497 4.32525 3 5 0
16.4782 6.17002 4.32439 3 5 0
16.4979 6.17505 4.32354 3 5 0
16.5177 6.18008 4.32267 3 5 0
16.5375 6.18509 4.32184 3 5 0
16.5573 6.19008 4.32101 3 5 0
16.5771 6.19503 4.32013 3 5 0
16.5969 6.2 4.31932 3 5 0
16.6167 6.20497 4.31852 3 5 0
16.6365 6.2099 4.3177 3 5 0
16.6563 6.21484 4.31691 3 5 0
16.676 6.21976 4.31613 3 5 0
16.6958 6.22463 4.31536 3 5 0
16.7156 6.22954 4.31459 3 5 0
16.7354 6.23443 4.31384 3 5 0
16.7552 6.23931 4.31313 3 5 0
16.775 6.24418 4.31239 3 5 0
16.7948 6.24904 4.31165 3 5 0
16.8146 6.2539 4.31114 3 5 0
16.8344 6.25874 4.31041 3 5 0
16.8542 6.26356 4.3097 3 5 0
16.874 6.26836 4.30924 3 5 0
16.8938 6.27317 4.30854 3 5 0
16.9136 6.27796 4.30784 3 5 0
16.9334 6.28273 4.30734 3 5 0
16.9533 6.2875 4.30665 3 5 0
16.9731 6.29227 4.30598 3 5 0
16.9929 6.297 4.30546 3 5 0
17.0127 6.30174 4.3048 3 5 0
17.0325 6.30647 4.30414 3 5 0
17.0523 6.31117 4.30367 3 5 0
17.0721 6.31588 4.30302 3 5 0
17.0919 6.32058 4.30238 3 5 0
17.1117 6.32525 4.3019 3 5 0
17.1315 6.32993 4.30127 3 5 0
17.1514 6.3346 4.30065 3 5 0
17.1712 6.33923 4.30026 3 5 0
17.191 6.34388 4.29965 3 5 0
17.2108 6.34852 4.29904 3 5 0
17.2306 6.35314 4.29855 3 5 0
17.2504 6.35776 4.29795 3 5 0
17.2702 6.36237 4.29737 3 5 0
17.2901 6.36683 4.29593 3 5 0
17.3099 6.37143 4.29536 3 5 0
13.9774 4.9316 4.9316 2 1 0
14.0173 4.93403 4.93403 2 1 0
14.0373 4.93523 4.93523 2 1 0
14.0572 4.93644 4.93644 2 1 0
14.0772 4.93765 4.93765 2 1 0
14.0971 4.93885 4.93885 2 1 0
14.1171 4.94005 4.94005 2 1 0
14.1371 4.94125 4.94125 2 1 0
14.157 4.94245 4.94245 2 1 0
14.177 4.94365 4.94365 2 1 0
14.197 4.94485 4.94485 2 1 0
14.2169 4.94604 4.94604 2 1 0
14.2369 4.94723 4.94723 2 1 0
14.2569 4.94842 4.94842 2 1 0
14.2768 4.94961 4.94961 2 1 0
14.2968 4.9508 4.9508 2 1 0
14.3168 4.95198 4.95198 2 1 0
14.3367 4.95317 4.95317 2 1 0
14.3567 4.95435 4.95435 2 1 0
14.3766 4.95553 4.95553 2 1 0
14.3966 4.95671 4.95671 2 1 0
14.4166 4.95789 4.95789 2 1 0
14.4365 4.95906 4.95906 2 1 0
14.4565 4.96024 4.96024 2 1 0
14.4765 4.96141 4.96141 2 1 0
14.4964 4.96258 4.96258 2 1 0
14.5164 4.96375 4.96375 2 1 0
14.5364 4.96492 4.96492 2 1 0
14.5563 4.96609 4.96609 2 1 0
14.5763 4.96725 4.96725 2 1 0
14.5963 4.96841 4.96841 2 1 0
14.6162 4.96958 4.96958 2 1 0
14.6362 4.97074 4.97074 2 1 0
14.6562 4.97189 4.97189 2 1 0
14.6761 4.97305 4.97305 2 1 0
14.6961 4.97421 4.97421 2 1 0
14.7161 4.97536 4.97536 2 1 0
14.736 4.97651 4.97651 2 1 0
14.756 4.97766 4.97766 2 1 0
14.776 4.97881 4.97881 2 1 0
14.7959 4.97996 4.97996 2 1 0
14.8159 4.98111 4.98111 2 1 0
14.8359 4.98225 4.98225 2 1 0
14.8558 4.98339 4.98339 2 1 0
14.8758 4.98453 4.98453 2 1 0
14.8958 4.98567 4.98567 2 1 0
14.9157 4.98681 4.98681 2 1 0
14.9357 4.98795 4.98795 2 1 0
14.9557 4.98909 4.98909 2 1 0
14.9756 4.99022 4.99022 2 1 0
14.9956 4.99135 4.99135 2 1 0
15.0156 4.99248 4.99248 2 1 0
15.0355 4.99361 4.99361 2 1 0
15.0555 4.99474 4.99474 2 1 0
15.0755 4.99587 4.99587 2 1 0
15.0955 4.99699 4.99699 2 1 0
15.1154 4.99812 4.99812 2 1 0
15.1354 4.99924 4.99924 2 1 0
15.1554 5.00036 5.00036 2 1 0
15.1753 5.00148 5.00148 2 1 0
15.1953 5.0026 5.0026 2 1 0
15.2153 5.00371 5.00371 2 1 0
15.2352 5.00483 5.00483 2 1 0
15.2552 5.00594 5.00594 2 1 0
15.2752 5.00705 5.00705 2 1 0
15.2951 5.00816 5.00816 2 1 0
15.3151 5.00927 5.00927 2 1 0
15.3351 5.01038 5.01038 2 1 0
15.355 5.01149 5.01149 2 1 0
15.375 5.01259 5.01259 2 1 0
15.395 5.01369 5.01369 2 1 0
15.415 5.0148 5.0148 2 1 0
15.4349 5.0159 5.0159 2 1 0
15.4549 5.017 5.017 2 1 0
15.4749 5.01809 5.01809 2 1 0
15.4948 5.01919 5.01919 2 1 0
15.5148 5.02029 5.02029 2 1 0
15.5348 5.02138 5.02138 2 1 0
15.5547 5.02247 5.02247 2 1 0
15.5747 5.02356 5.02356 2 1 0
15.5947 5.02465 5.02465 2 1 0
15.6147 5.02574 5.02574 2 1 0
15.6346 5.02683 5.02683 2 1 0
15.6546 5.02791 5.02791 2 1 0
15.6746 5.029 5.029 2 1 0
15.6945 5.03008 5.03008 2 1 0
15.7145 5.03116 5.03116 2 1 0
15.7345 5.03224 5.03224 2 1 0
15.7545 5.03332 5.03332 2 1 0
15.7744 5.0344 5.0344 2 1 0
15.7944 5.03547 5.03547 2 1 0
15.8144 5.03655 5.03655 2 1 0
15.8343 5.03762 5.03762 2 1 0
15.8543 5.03869 5.03869 2 1 0
15.8743 5.03976 5.03976 2 1 0
15.8942 5.04083 5.04083 2 1 0
15.9142 5.0419 5.0419 2 1 0
15.9342 5.04297 5.04297 2 1 0
15.9542 5.04403 5.04403 2 1 0
15.9741 5.04509 5.04509 2 1 0
15.9941 5.04616 5.04616 2 1 0
16.0141 5.04722 5.04722 2 1 0
16.0341 5.04828 5.04828 2 1 0
16.054 5.04934 5.04934 2 1 0
16.074 5.05039 5.05039 2 1 0
16.094 5.05145 5.05145 2 1 0
16.1139 5.0525 5.0525 2 1 0
16.1339 5.05356 5.05356 2 1 0
16.1539 5.05461 5.05461 2 1 0
16.1739 5.05566 5.05566 2 1 0
16.1938 5.05671 5.05671 2 1 0
16.2138 5.05776 5.05776 2 1 0
16.2338 5.05881 5.05881 2 1 0
16.2537 5.05985 5.05985 2 1 0
16.2737 5.0609 5.0609 2 1 0
16.2937 5.06194 5.06194 2 1 0
16.3137 5.06298 5.06298 2 1 0
16.3336 5.06402 5.06402 2 1 0
16.3536 5.06506 5.06506 2 1 0
16.3736 5.0661 5.0661 2 1 0
16.3936 5.06714 5.06714 2 1 0
16.4135 5.06817 5.06817 2 1 0
16.4335 5.06921 5.06921 2 1 0
16.4535 5.07024 5.07024 2 1 0
16.4734 5.07127 5.07127 2 1 0
16.4934 5.0723 5.0723 2 1 0
16.5134 5.07333 5.07333 2 1 0
16.5334 5.07436 5.07436 2 1 0
16.5533 5.07539 5.07539 2 1 0
16.5733 5.07641 5.07641 2 1 0
16.5933 5.07744 5.07744 2 1 0
16.6133 5.07846 5.07846 2 1 0
16.6332 5.07948 5.07948 2 1 0
16.6532 5.08051 5.08051 2 1 0
16.6732 5.08152 5.08152 2 1 0
16.6932 5.08254 5.08254 2 1 0
16.7131 5.08356 5.08356 2 1 0
16.7331 5.08458 5.08458 2 1 0
16.7531 5.08559 5.08559 2 1 0
16.7731 5.08661 5.08661 2 1 0
16.793 5.08762 5.08762 2 1 0
16.813 5.08863 5.08863 2 1 0
16.833 5.08964 5.08964 2 1 0
16.853 5.09065 5.09065 2 1 0
16.8729 5.09166 5.09166 2 1 0
16.8929 5.09266 5.09266 2 1 0
16.9129 5.09367 5.09367 2 1 0
16.9329 5.09467 5.09467 2 1 0
16.9528 5.09568 5.09568 2 1 0
16.9728 5.09668 5.09668 2 1 0
16.9928 5.09768 5.09768 2 1 0
17.0128 5.09868 5.09868 2 1 0
17.0327 5.09968 5.09968 2 1 0
17.0527 5.10067 5.10067 2 1 0
17.0727 5.10167 5.10167 2 1 0
17.0927 5.10267 5.10267 2 1 0
17.1126 5.10366 5.10366 2 1 0
17.1326 5.10465 5.10465 2 1 0
17.1526 5.10564 5.10564 2 1 0
17.1726 5.10663 5.10663 2 1 0
17.1925 5.10762 5.10762 2 1 0
17.2125 5.10861 5.10861 2 1 0
17.2325 5.1096 5.1096 2 1 0
17.2525 5.11058 5.11058 2 1 0
17.2724 5.11157 5.11157 2 1 0
17.2924 5.11255 5.11255 2 1 0
17.3124 5.11354 5.11354 2 1 0
17.3324 5.11452 5.11452 2 1 0
17.3523 5.1155 5.1155 2 1 0
17.3723 5.11648 5.11648 2 1 0
17.3923 5.11745 5.11745 2 1 0
17.4123 5.11843 5.11843 2 1 0
17.4322 5.11941 5.11941 2 1 0
17.4522 5.12038 5.12038 2 1 0
17.4722 5.12136 5.12136 2 1 0
17.4922 5.12233 5.12233 2 1 0
17.5121 5.1233 5.1233 2 1 0
17.5321 5.12427 5.12427 2 1 0
17.5521 5.12524 5.12524 2 1 0
17.5721 5.12621 5.12621 2 1 0
17.5921 5.12717 5.12717 2 1 0
17.612 5.12814 5.12814 2 1 0
17.632 5.12911 5.12911 2 1 0
17.652 5.13007 5.13007 2 1 0
17.672 5.13103 5.13103 2 1 0
17.6919 5.13199 5.13199 2 1 0
17.7119 5.13295 5.13295 2 1 0
17.7319 5.13391 5.13391 2 1 0
17.7519 5.13487 5.13487 2 1 0
17.7718 5.13583 5.13583 2 1 0
17.7918 5.13679 5.13679 2 1 0
17.8118 5.13774 5.13774 2 1 0
17.8318 5.1387 5.1387 2 1 0
17.8518 5.13965 5.13965 2 1 0
17.8717 5.1406 5.1406 2 1 0
17.8917 5.14155 5.14155 2 1 0
17.9117 5.1425 5.1425 2 1 0
17.9317 5.14345 5.14345 2 1 0
17.9516 5.1444 5.1444 2 1 0
17.9716 5.14535 5.14535 2 1 0
10 4.64166 4.64166 2 1 0
9.96047 4.64406 4.64406 1 1 0
9.94054 4.64236 4.64236 1 1 0
9.92061 4.64066 4.64066 1 1 0
9.90069 4.63896 4.63896 1 1 0
9.88076 4.63725 4.63725 1 1 0
9.86083 4.63553 4.63553 1 1 0
9.84091 4.63382 4.63382 1 1 0
9.82098 4.6321 4.6321 1 1 0
9.80105 4.63038 4.63038 1 1 0
9.78113 4.62865 4.62865 1 1 0
9.7612 4.62692 4.62692 1 1 0
9.74128 4.62519 4.62519 1 1 0
9.72135 4.62345 4.62345 1 1 0
9.70143 4.62171 4.62171 1 1 0
9.68151 4.61997 4.61997 1 1 0
9.66158 4.61822 4.61822 1 1 0
9.64166 4.61647 4.61647 1 1 0
9.62174 4.61472 4.61472 1 1 0
9.60181 4.61296 4.61296 1 1 0
9.58189 4.6112 4.6112 1 1 0
9.56197 4.60943 4.60943 1 1 0
9.54205 4.60766 4.60766 1 1 0
9.52213 4.60589 4.60589 1 1 0
9.50221 4.60412 4.60412 1 1 0
9.48229 4.60234 4.60234 1 1 0
9.46236 4.60055 4.60055 1 1 0
9.44244 4.59876 4.59876 1 1 0
9.42253 4.59697 4.59697 1 1 0
9.40261 4.59518 4.59518 1 1 0
9.38269 4.59338 4.59338 1 1 0
9.36277 4.59158 4.59158 1 1 0
9.34285 4.58977 4.58977 1 1 0
9.32293 4.58796 4.58796 1 1 0
9.30301 4.58615 4.58615 1 1 0
9.2831 4.58433 4.58433 1 1 0
9.26318 4.58251 4.58251 1 1 0
9.24326 4.58068 4.58068 1 1 0
9.22335 4.57885 4.57885 1 1 0
9.20343 4.57702 4.57702 1 1 0
9.18352 4.57518 4.57518 1 1 0
9.1636 4.57334 4.57334 1 1 0
9.14369 4.5715 4.5715 1 1 0
9.12377 4.56965 4.56965 1 1 0
9.10386 4.5678 4.5678 1 1 0
9.08394 4.56594 4.56594 1 1 0
9.06403 4.56408 4.56408 1 1 0
9.04412 4.56221 4.56221 1 1 0
9.02421 4.56034 4.56034 1 1 0
9.00429 4.55847 4.55847 1 1 0
8.98438 4.55659 4.55659 1 1 0
8.96447 4.55471 4.55471 1 1 0
8.94456 4.55282 4.55282 1 1 0
8.92465 4.55093 4.55093 1 1 0
8.90474 4.54904 4.54904 1 1 0
8.88483 4.54714 4.54714 1 1 0
8.86492 4.54524 4.54524 1 1 0
8.84501 4.54333 4.54333 1 1 0
8.8251 4.54142 4.54142 1 1 0
8.8052 4.53951 4.53951 1 1 0
8.78529 4.53759 4.53759 1 1 0
8.76538 4.53566 4.53566 1 1 0
8.74547 4.53373 4.53373 1 1 0
8.72557 4.5318 4.5318 1 1 0
8.70566 4.52986 4.52986 1 1 0
8.68576 4.52792 4.52792 1 1 0
8.66585 4.52598 4.52598 1 1 0
8.64595 4.52403 4.52403 1 1 0
8.62604 4.52207 4.52207 1 1 0
8.60614 4.52011 4.52011 1 1 0
8.58623 4.51815 4.51815 1 1 0
8.56633 4.51618 4.51618 1 1 0
8.54643 4.51421 4.51421 1 1 0
8.52653 4.51223 4.51223 1 1 0
8.50663 4.51025 4.51025 1 1 0
8.48672 4.50826 4.50826 1 1 0
8.46682 4.50627 4.50627 1 1 0
8.44692 4.50427 4.50427 1 1 0
8.42702 4.50227 4.50227 1 1 0
8.40712 4.50027 4.50027 1 1 0
8.38723 4.49826 4.49826 1 1 0
8.36733 4.49624 4.49624 1 1 0
8.34743 4.49423 4.49423 1 1 0
8.32753 4.4922 4.4922 1 1 0
8.30764 4.49017 4.49017 1 1 0
8.28774 4.48814 4.48814 1 1 0
8.26784 4.4861 4.4861 1 1 0
8.24795 4.48406 4.48406 1 1 0
8.22805 4.48201 4.48201 1 1 0
8.20816 4.47995 4.47995 1 1 0
8.18827 4.4779 4.4779 1 1 0
8.16837 4.47583 4.47583 1 1 0
8.14848 4.47376 4.47376 1 1 0
8.12859 4.47169 4.47169 1 1 0
8.1087 4.46961 4.46961 1 1 0
8.0888 4.46753 4.46753 1 1 0
8.06891 4.46544 4.46544 1 1 0
8.04902 4.46335 4.46335 1 1 0
8.02913 4.46125 4.46125 1 1 0
8.00924 4.45914 4.45914 1 1 0
7.98936 4.45703 4.45703 1 1 0
7.96947 4.45492 4.45492 1 1 0
7.94958 4.4528 4.4528 1 1 0
7.92969 4.45068 4.45068 1 1 0
7.90981 4.44855 4.44855 1 1 0
7.88992 4.44641 4.44641 1 1 0
7.87004 4.44427 4.44427 1 1 0
7.85015 4.44212 4.44212 1 1 0
7.83027 4.43997 4.43997 1 1 0
7.81039 4.43781 4.43781 1 1 0
7.7905 4.43565 4.43565 1 1 0
7.77062 4.43348 4.43348 1 1 0
7.75074 4.43131 4.43131 1 1 0
7.73086 4.42913 4.42913 1 1 0
7.71098 4.42695 4.42695 1 1 0
7.6911 4.42476 4.42476 1 1 0
7.67122 4.42256 4.42256 1 1 0
7.65134 4.42036 4.42036 1 1 0
7.63146 4.41815 4.41815 1 1 0
7.61159 4.41594 4.41594 1 1 0
7.59171 4.41372 4.41372 1 1 0
7.57183 4.4115 4.4115 1 1 0
7.55196 4.40927 4.40927 1 1 0
7.53208 4.40703 4.40703 1 1 0
7.51221 4.40479 4.40479 1 1 0
7.49234 4.40254 4.40254 1 1 0
7.47246 4.40029 4.40029 1 1 0
7.45259 4.39803 4.39803 1 1 0
7.43272 4.39576 4.39576 1 1 0
7.41285 4.39349 4.39349 1 1 0
7.39298 4.39121 4.39121 1 1 0
7.37311 4.38893 4.38893 1 1 0
7.35324 4.38664 4.38664 1 1 0
7.33337 4.38434 4.38434 1 1 0
7.31351 4.38204 4.38204 1 1 0
7.29364 4.37973 4.37973 1 1 0
7.27378 4.37742 4.37742 1 1 0
7.25391 4.3751 4.3751 1 1 0
7.23405 4.37277 4.37277 1 1 0
7.21418 4.37043 4.37043 1 1 0
7.19432 4.36809 4.36809 1 1 0
7.17446 4.36575 4.36575 1 1 0
7.1546 4.36339 4.36339 1 1 0
7.13474 4.36104 4.36104 1 1 0
7.11488 4.35867 4.35867 1 1 0
7.09502 4.3563 4.3563 1 1 0
7.07516 4.35392 4.35392 1 1 0
7.0553 4.35153 4.35153 1 1 0
7.03545 4.34914 4.34914 1 1 0
7.01559 4.34674 4.34674 1 1 0
6.99574 4.34433 4.34433 1 1 0
6.97588 4.34192 4.34192 1 1 0
6.95603 4.3395 4.3395 1 1 0
6.93618 4.33707 4.33707 1 1 0
6.91633 4.33464 4.33464 1 1 0
6.89648 4.3322 4.3322 1 1 0
6.87663 4.32975 4.32975 1 1 0
6.85678 4.3273 4.3273 1 1 0
6.83693 4.32484 4.32484 1 1 0
6.81708 4.32237 4.32237 1 1 0
6.79724 4.31989 4.31989 1 1 0
6.77739 4.31741 4.31741 1 1 0
6.75755 4.31492 4.31492 1 1 0
6.7377 4.31242 4.31242 1 1 0
6.71786 4.30992 4.30992 1 1 0
6.69802 4.30741 4.30741 1 1 0
6.67818 4.30489 4.30489 1 1 0
6.65834 4.30236 4.30236 1 1 0
6.6385 4.29983 4.29983 1 1 0
6.61866 4.29728 4.29728 1 1 0
6.59882 4.29473 4.29473 1 1 0
6.57899 4.29218 4.29218 1 1 0
6.55915 4.28961 4.28961 1 1 0
6.53932 4.28704 4.28704 1 1 0
6.51949 4.28446 4.28446 1 1 0
6.49966 4.28187 4.28187 1 1 0
6.47982 4.27928 4.27928 1 1 0
6.45999 4.27667 4.27667 1 1 0
6.44017 4.27406 4.27406 1 1 0
6.42034 4.27144 4.27144 1 1 0
6.40051 4.26881 4.26881 1 1 0
6.38069 4.26618 4.26618 1 1 0
6.36086 4.26353 4.26353 1 1 0
6.34104 4.26088 4.26088 1 1 0
6.32122 4.25822 4.25822 1 1 0
6.30139 4.25555 4.25555 1 1 0
6.28157 4.25287 4.25287 1 1 0
6.26176 4.25019 4.25019 1 1 0
6.24194 4.24749 4.24749 1 1 0
6.22212 4.24479 4.24479 1 1 0
6.20231 4.24208 4.24208 1 1 0
6.18249 4.23936 4.23936 1 1 0
6.16268 4.23663 4.23663 1 1 0
6.14287 4.23389 4.23389 1 1 0
6.12306 4.23115 4.23115 1 1 0
6.10325 4.22839 4.22839 1 1 0
6.08344 4.22563 4.22563 1 1 0
6.06363 4.22286 4.22286 1 1 0
6.04383 4.22008 4.22008 1 1 0
6.02402 4.21729 4.21729 1 1 0
6.02402 4.21729 4.21729 2 1 0
5.98442 4.21168 4.21168 1 1 0
5.96462 4.20886 4.20886 1 1 0
5.94482 4.20603 4.20603 1 1 0
5.92502 4.20319 4.20319 1 1 0
5.90522 4.20035 4.20035 1 1 0
5.88543 4.19749 4.19749 1 1 0
5.86564 4.19463 4.19463 1 1 0
5.84584 4.19175 4.19175 1 1 0
5.82605 4.18887 4.18887 1 1 0
5.80626 4.18597 4.18597 1 1 0
5.78647 4.18307 4.18307 1 1 0
5.76669 4.18015 4.18015 1 1 0
5.7469 4.17723 4.17723 1 1 0
5.72712 4.17429 4.17429 1 1 0
5.70734 4.17135 4.17135 1 1 0
5.68756 4.1684 4.1684 1 1 0
5.66778 4.16543 4.16543 1 1 0
5.648 4.16246 4.16246 1 1 0
5.62822 4.15947 4.15947 1 1 0
5.60845 4.15648 4.15648 1 1 0
5.58868 4.15347 4.15347 1 1 0
5.56891 4.15045 4.15045 1 1 0
5.54914 4.14742 4.14742 1 1 0
5.52937 4.14439 4.14439 1 1 0
5.5096 4.14134 4.14134 1 1 0
5.48984 4.13828 4.13828 1 1 0
5.47007 4.13521 4.13521 1 1 0
5.45031 4.13212 4.13212 1 1 0
5.43055 4.12903 4.12903 1 1 0
5.4108 4.12593 4.12593 1 1 0
5.39104 4.12281 4.12281 1 1 0
5.37129 4.11968 4.11968 1 1 0
5.35153 4.11655 4.11655 1 1 0
5.33178 4.1134 4.1134 1 1 0
5.31204 4.11024 4.11024 1 1 0
5.29229 4.10706 4.10706 1 1 0
5.27254 4.10388 4.10388 1 1 0
5.2528 4.10068 4.10068 1 1 0
5.23306 4.09747 4.09747 1 1 0
5.21332 4.09425 4.09425 1 1 0
5.19358 4.09102 4.09102 1 1 0
5.17385 4.08777 4.08777 1 1 0
5.15412 4.08452 4.08452 1 1 0
5.13439 4.08125 4.08125 1 1 0
5.11466 4.07796 4.07796 1 1 0
5.09493 4.07467 4.07467 1 1 0
5.07521 4.07136 4.07136 1 1 0
5.05548 4.06804 4.06804 1 1 0
5.03576 4.06471 4.06471 1 1 0
5.01604 4.06136 4.06136 1 1 0
4.99633 4.058 4.058 1 1 0
4.97662 4.05463 4.05463 1 1 0
4.9569 4.05124 4.05124 1 1 0
4.93719 4.04784 4.04784 1 1 0
4.91749 4.04443 4.04443 1 1 0
4.89778 4.041 4.041 1 1 0
4.87808 4.03756 4.03756 1 1 0
4.85838 4.03411 4.03411 1 1 0
4.83869 4.03064 4.03064 1 1 0
4.81899 4.02716 4.02716 1 1 0
4.7993 4.02366 4.02366 1 1 0
4.77961 4.02015 4.02015 1 1 0
4.75992 4.01663 4.01663 1 1 0
4.74024 4.01309 4.01309 1 1 0
4.72056 4.00954 4.00954 1 1 0
4.70088 4.00597 4.00597 1 1 0
4.6812 4.00238 4.00238 1 1 0
4.66153 3.99879 3.99879 1 1 0
4.64186 3.99517 3.99517 1 1 0
4.62219 3.99154 3.99154 1 1 0
4.60252 3.9879 3.9879 1 1 0
4.58286 3.98424 3.98424 1 1 0
4.5632 3.98057 3.98057 1 1 0
4.54354 3.97688 3.97688 1 1 0
4.52389 3.97317 3.97317 1 1 0
4.50424 3.96945 3.96945 1 1 0
4.48459 3.96571 3.96571 1 1 0
4.46495 3.96195 3.96195 1 1 0
4.44531 3.95818 3.95818 1 1 0
4.42567 3.95439 3.95439 1 1 0
4.40603 3.95059 3.95059 1 1 0
4.3864 3.94677 3.94677 1 1 0
4.36678 3.94293 3.94293 1 1 0
4.34715 3.93907 3.93907 1 1 0
4.32753 3.9352 3.9352 1 1 0
4.30791 3.93131 3.93131 1 1 0
4.2883 3.9274 3.9274 1 1 0
4.26869 3.92348 3.92348 1 1 0
4.24908 3.91953 3.91953 1 1 0
4.22947 3.91557 3.91557 1 1 0
4.20987 3.91159 3.91159 1 1 0
4.19028 3.90759 3.90759 1 1 0
4.17069 3.90357 3.90357 1 1 0
4.1511 3.89954 3.89954 1 1 0
4.13151 3.89548 3.89548 1 1 0
4.11193 3.89141 3.89141 1 1 0
4.09235 3.88732 3.88732 1 1 0
4.07278 3.88321 3.88321 1 1 0
4.05321 3.87907 3.87907 1 1 0
4.03365 3.87492 3.87492 1 1 0
4.01409 3.87075 3.87075 1 1 0
3.99453 3.86656 3.86656 1 1 0
3.97498 3.86235 3.86235 1 1 0
3.95543 3.85811 3.85811 1 1 0
3.93589 3.85386 3.85386 1 1 0
3.91635 3.84959 3.84959 1 1 0
3.89682 3.84529 3.84529 1 1 0
3.87729 3.84097 3.84097 1 1 0
3.85777 3.83664 3.83664 1 1 0
3.83825 3.83228 3.83228 1 1 0
3.81874 3.82789 3.82789 1 1 0
3.79923 3.82349 3.82349 1 1 0
3.77972 3.81906 3.81906 1 1 0
3.76022 3.81461 3.81461 1 1 0
3.74073 3.81014 3.81014 1 1 0
3.72124 3.80565 3.80565 1 1 0
3.70176 3.80113 3.80113 1 1 0
3.68228 3.79659 3.79659 1 1 0
3.66281 3.79202 3.79202 1 1 0
3.64334 3.78743 3.78743 1 1 0
3.62388 3.78282 3.78282 1 1 0
3.60443 3.77818 3.77818 1 1 0
3.58498 3.77352 3.77352 1 1 0
3.56554 3.76883 3.76883 1 1 0
3.5461 3.76411 3.76411 1 1 0
3.52667 3.75938 3.75938 1 1 0
3.50725 3.75461 3.75461 1 1 0
3.48783 3.74982 3.74982 1 1 0
3.46842 3.745 3.745 1 1 0
3.44901 3.74016 3.74016 1 1 0
3.42961 3.73529 3.73529 1 1 0
3.41022 3.73039 3.73039 1 1 0
3.39084 3.72547 3.72547 1 1 0
3.37146 3.72051 3.72051 1 1 0
3.35209 3.71553 3.71553 1 1 0
3.33273 3.71052 3.71052 1 1 0
3.31337 3.70548 3.70548 1 1 0
3.29403 3.70042 3.70042 1 1 0
3.27469 3.69532 3.69532 1 1 0
3.25535 3.6902 3.6902 1 1 0
3.23603 3.68504 3.68504 1 1 0
3.21671 3.67985 3.67985 1 1 0
3.19741 3.67464 3.67464 1 1 0
3.17811 3.66939 3.66939 1 1 0
3.15882 3.66411 3.66411 1 1 0
3.13954 3.6588 3.6588 1 1 0
3.12026 3.65346 3.65346 1 1 0
3.101 3.64808 3.64808 1 1 0
3.08174 3.64267 3.64267 1 1 0
3.0625 3.63723 3.63723 1 1 0
3.04326 3.63176 3.63176 1 1 0
3.02403 3.62625 3.62625 1 1 0
3.00482 3.62071 3.62071 1 1 0
2.98561 3.61513 3.61513 1 1 0
2.96641 3.60952 3.60952 1 1 0
2.94723 3.60387 3.60387 1 1 0
2.92805 3.59819 3.59819 1 1 0
2.90889 3.59247 3.59247 1 1 0
2.88974 3.58671 3.58671 1 1 0
2.87059 3.58091 3.58091 1 1 0
2.85146 3.57508 3.57508 1 1 0
2.83234 3.56921 3.56921 1 1 0
2.81324 3.5633 3.5633 1 1 0
2.79414 3.55736 3.55736 1 1 0
2.77506 3.55137 3.55137 1 1 0
2.75599 3.54534 3.54534 1 1 0
2.73693 3.53927 3.53927 1 1 0
2.71789 3.53316 3.53316 1 1 0
2.69886 3.52701 3.52701 1 1 0
2.67984 3.52082 3.52082 1 1 0
2.66083 3.51459 3.51459 1 1 0
2.64185 3.50831 3.50831 1 1 0
2.62287 3.50198 3.50198 1 1 0
2.60391 3.49562 3.49562 1 1 0
2.58497 3.48921 3.48921 1 1 0
2.56604 3.48275 3.48275 1 1 0
2.54712 3.47625 3.47625 1 1 0
2.52823 3.4697 3.4697 1 1 0
2.50935 3.4631 3.4631 1 1 0
2.49048 3.45646 3.45646 1 1 0
2.47163 3.44977 3.44977 1 1 0
2.4528 3.44303 3.44303 1 1 0
2.43399 3.43623 3.43623 1 1 0
2.4152 3.42939 3.42939 1 1 0
2.39642 3.4225 3.4225 1 1 0
2.37767 3.41556 3.41556 1 1 0
2.35893 3.40856 3.40856 1 1 0
2.34022 3.40151 3.40151 1 1 0
2.32152 3.39441 3.39441 1 1 0
2.30284 3.38725 3.38725 1 1 0
2.28419 3.38004 3.38004 1 1 0
2.26556 3.37277 3.37277 1 1 0
2.24695 3.36544 3.36544 1 1 0
2.22836 3.35806 3.35806 1 1 0
2.2098 3.35062 3.35062 1 1 0
2.19126 3.34312 3.34312 1 1 0
2.17274 3.33556 3.33556 1 1 0
2.15425 3.32794 3.32794 1 1 0
2.13578 3.32025 3.32025 1 1 0
2.13578 3.32025 3.32025 2 1 0
2.09893 3.3047 3.3047 1 1 0
2.08054 3.29683 3.29683 1 1 0
2.06219 3.28889 3.28889 1 1 0
2.04386 3.28089 3.28089 1 1 0
2.02556 3.27282 3.27282 1 1 0
2.00729 3.26468 3.26468 1 1 0
1.98905 3.25648 3.25648 1 1 0
1.97084 3.2482 3.2482 1 1 0
1.95267 3.23985 3.23985 1 1 0
1.93452 3.23143 3.23143 1 1 0
1.91642 3.22294 3.22294 1 1 0
1.89834 3.21438 3.21438 1 1 0
1.8803 3.20574 3.20574 1 1 0
1.8623 3.19703 3.19703 1 1 0
1.84434 3.18824 3.18824 1 1 0
1.82641 3.17937 3.17937 1 1 0
1.80852 3.17042 3.17042 1 1 0
1.79068 3.16139 3.16139 1 1 0
1.77287 3.15228 3.15228 1 1 0
1.75511 3.14309 3.14309 1 1 0
1.73739 3.13382 3.13382 1 1 0
1.71971 3.12446 3.12446 1 1 0
1.70208 3.11501 3.11501 1 1 0
1.6845 3.10548 3.10548 1 1 0
1.66696 3.09586 3.09586 1 1 0
1.64948 3.08616 3.08616 1 1 0
1.63204 3.07636 3.07636 1 1 0
1.61466 3.06647 3.06647 1 1 0
1.59733 3.05649 3.05649 1 1 0
1.58005 3.04641 3.04641 1 1 0
1.56283 3.03624 3.03624 1 1 0
1.54567 3.02597 3.02597 1 1 0
1.52856 3.01561 3.01561 1 1 0
1.51152 3.00514 3.00514 1 1 0
1.49453 2.99458 2.99458 1 1 0
1.47761 2.98392 2.98392 1 1 0
1.46076 2.97315 2.97315 1 1 0
1.44397 2.96228 2.96228 1 1 0
1.42725 2.9513 2.9513 1 1 0
1.4106 2.94022 2.94022 1 1 0
1.39402 2.92903 2.92903 1 1 0
1.37752 2.91773 2.91773 1 1 0
1.36109 2.90633 2.90633 1 1 0
1.34474 2.89481 2.89481 1 1 0
1.32847 2.88318 2.88318 1 1 0
1.31228 2.87144 2.87144 1 1 0
1.29617 2.85958 2.85958 1 1 0
1.28015 2.84761 2.84761 1 1 0
1.26422 2.83552 2.83552 1 1 0
1.24837 2.82331 2.82331 1 1 0
1.23262 2.81099 2.81099 1 1 0
1.21696 2.79854 2.79854 1 1 0
1.2014 2.78598 2.78598 1 1 0
1.18594 2.77329 2.77329 1 1 0
1.17058 2.76048 2.76048 1 1 0
1.15532 2.74755 2.74755 1 1 0
1.14017 2.7345 2.7345 1 1 0
1.12512 2.72132 2.72132 1 1 0
1.11019 2.70802 2.70802 1 1 0
1.09537 2.69459 2.69459 1 1 0
1.08066 2.68103 2.68103 1 1 0
1.06607 2.66735 2.66735 1 1 0
1.0516 2.65354 2.65354 1 1 0
1.03725 2.63961 2.63961 1 1 0
1.02303 2.62554 2.62554 1 1 0
1.00894 2.61135 2.61135 1 1 0
0.994974 2.59703 2.59703 1 1 0
0.981141 2.58259 2.58259 1 1 0
0.967443 2.56801 2.56801 1 1 0
0.953882 2.55331 2.55331 1 1 0
0.940459 2.53849 2.53849 1 1 0
0.927178 2.52353 2.52353 1 1 0
0.914041 2.50845 2.50845 1 1 0
0.90105 2.49324 2.49324 1 1 0
0.888206 2.47791 2.47791 1 1 0
0.875512 2.46245 2.46245 1 1 0
0.86297 2.44687 2.44687 1 1 0
0.850582 2.43117 2.43117 1 1 0
0.83835 2.41535 2.41535 1 1 0
0.826275 2.3994 2.3994 1 1 0
0.814359 2.38334 2.38334 1 1 0
0.802604 2.36716 2.36716 1 1 0
0.791011 2.35086 2.35086 1 1 0
0.779581 2.33445 2.33445 1 1 0
0.768316 2.31792 2.31792 1 1 0
0.757217 2.30128 2.30128 1 1 0
0.746285 2.28453 2.28453 1 1 0
0.735521 2.26767 2.26767 1 1 0
0.724925 2.25071 2.25071 1 1 0
0.714499 2.23364 2.23364 1 1 0
0.704242 2.21647 2.21647 1 1 0
0.694157 2.1992 2.1992 1 1 0
0.684241 2.18183 2.18183 1 1 0
0.674497 2.16437 2.16437 1 1 0
0.664923 2.14681 2.14681 1 1 0
0.655519 2.12915 2.12915 1 1 0
0.646286 2.11141 2.11141 1 1 0
0.637223 2.09359 2.09359 1 1 0
0.628329 2.07567 2.07567 1 1 0
0.619605 2.05768 2.05768 1 1 0
0.611048 2.0396 2.0396 1 1 0
0.602659 2.02144 2.02144 1 1 0
0.594437 2.00321 2.00321 1 1 0
0.58638 1.98491 1.98491 1 1 0
0.578487 1.96653 1.96653 1 1 0
0.570757 1.94808 1.94808 1 1 0
0.563188 1.92957 1.92957 1 1 0
0.55578 1.91099 1.91099 1 1 0
0.54853 1.89235 1.89235 1 1 0
0.541438 1.87365 1.87365 1 1 0
0.5345 1.8549 1.8549 1 1 0
0.527716 1.83608 1.83608 1 1 0
0.521084 1.81721 1.81721 1 1 0
0.514602 1.79829 1.79829 1 1 0
0.508267 1.77932 1.77932 1 1 0
0.502078 1.7603 1.7603 1 1 0
0.496033 1.74124 1.74124 1 1 0
0.49013 1.72213 1.72213 1 1 0
0.484367 1.70298 1.70298 1 1 0
0.478741 1.68378 1.68378 1 1 0
0.47325 1.66455 1.66455 1 1 0
0.467892 1.64528 1.64528 1 1 0
0.462665 1.62598 1.62598 1 1 0
0.457567 1.60664 1.60664 1 1 0
0.452595 1.58727 1.58727 1 1 0
0.447747 1.56786 1.56786 1 1 0
0.44302 1.54843 1.54843 1 1 0
0.438413 1.52897 1.52897 1 1 0
0.433924 1.50948 1.50948 1 1 0
0.429549 1.48996 1.48996 1 1 0
0.425287 1.47042 1.47042 1 1 0
0.421136 1.45085 1.45085 1 1 0
0.417092 1.43127 1.43127 1 1 0
0.413155 1.41166 1.41166 1 1 0
0.409321 1.39203 1.39203 1 1 0
0.405589 1.37238 1.37238 1 1 0
0.401957 1.35271 1.35271 1 1 0
0.398421 1.33303 1.33303 1 1 0
0.394981 1.31333 1.31333 1 1 0
0.391634 1.29361 1.29361 1 1 0
0.388378 1.27387 1.27387 1 1 0
0.38521 1.25413 1.25413 1 1 0
0.38213 1.23437 1.23437 1 1 0
0.379134 1.21459 1.21459 1 1 0
0.376222 1.1948 1.1948 1 1 0
0.37339 1.17501 1.17501 1 1 0
0.370638 1.1552 1.1552 1 1 0
0.367963 1.13538 1.13538 1 1 0
0.365363 1.11555 1.11555 1 1 0
0.362837 1.09571 1.09571 1 1 0
0.360383 1.07586 1.07586 1 1 0
0.357999 1.056 1.056 1 1 0
0.355684 1.03613 1.03613 1 1 0
0.353435 1.01626 1.01626 1 1 0
0.351251 0.99638 0.99638 1 1 0
0.349131 0.976493 0.976493 1 1 0
0.347072 0.956599 0.956599 1 1 0
0.345074 0.9367 0.9367 1 1 0
0.343135 0.916794 0.916794 1 1 0
0.341253 0.896883 0.896883 1 1 0
0.339427 0.876966 0.876966 1 1 0
0.337655 0.857045 0.857045 1 1 0
0.335937 0.837119 0.837119 1 1 0
0.33427 0.817189 0.817189 1 1 0
0.332654 0.797254 0.797254 1 1 0
0.331087 0.777316 0.777316 1 1 0
0.329567 0.757374 0.757374 1 1 0
0.328094 0.737428 0.737428 1 1 0
0.326667 0.717479 0.717479 1 1 0
0.325283 0.697527 0.697527 1 1 0
0.323943 0.677572 0.677572 1 1 0
0.322644 0.657615 0.657615 1 1 0
0.321386 0.637654 0.637654 1 1 0
0.320168 0.617692 0.617692 1 1 0
0.318988 0.597727 0.597727 1 1 0
0.317846 0.577759 0.577759 1 1 0
0.316741 0.55779 0.55779 1 1 0
0.315671 0.537819 0.537819 1 1 0
0.314635 0.517846 0.517846 1 1 0
0.313633 0.497871 0.497871 1 1 0
0.312664 0.477895 0.477895 1 1 0
0.311727 0.457917 0.457917 1 1 0
0.310821 0.437937 0.437937 1 1 0
0.309945 0.417957 0.417957 1 1 0
0.309098 0.397975 0.397975 1 1 0
0.30828 0.377992 0.377992 1 1 0
0.30749 0.358007 0.358007 1 1 0
0.306726 0.338022 0.338022 1 1 0
0.305988 0.318036 0.318036 1 1 0
0.305276 0.298049 0.298049 1 1 0
0.304589 0.278061 0.278061 1 1 0
0.303926 0.258072 0.258072 1 1 0
0.303286 0.238082 0.238082 1 1 0
0.302669 0.218092 0.218092 1 1 0
0.302073 0.198101 0.198101 1 1 0
0.3015 0.178109 0.178109 1 1 0
0.300947 0.158117 0.158117 1 1 0
0.300414 0.138124 0.138124 1 1 0
0.299901 0.118131 0.118131 1 1 0
0.299901 0.118131 0.118131 2 1 0
0.298931 0.0781431 0.0781431 1 1 0
0.298473 0.0581485 0.0581485 1 1 0
0.298033 0.0381535 0.0381535 1 1 0
0.29761 0.0181581 0.0181581 1 1 0
0.297241 3.36262e-05 3.36262e-05 1 1 0
0.296848 -0.0199624 -0.0199624 2 1 0
0.296472 -0.0399587 -0.0399587 2 1 0
0.29611 -0.0599552 -0.0599552 2 1 0
0.295763 -0.0799521 -0.0799521 2 1 0
0.29543 -0.0999492 -0.0999492 2 1 0
0.295111 -0.119946 -0.119946 2 1 0
0.294805 -0.139944 -0.139944 2 1 0
0.294512 -0.159942 -0.159942 2 1 0
0.294232 -0.17994 -0.17994 2 1 0
0.293964 -0.199938 -0.199938 2 1 0
0.293707 -0.219936 -0.219936 2 1 0
0.293462 -0.239934 -0.239934 2 1 0
0.293228 -0.259933 -0.259933 2 1 0
0.293005 -0.279931 -0.279931 2 1 0
0.292793 -0.29993 -0.29993 2 1 0
0.29259 -0.319929 -0.319929 2 1 0
0.292397 -0.339928 -0.339928 2 1 0
0.292214 -0.359927 -0.359927 2 1 0
0.29204 -0.379926 -0.379926 2 1 0
0.291874 -0.399925 -0.399925 2 1 0
0.291717 -0.419924 -0.419924 2 1 0
0.291569 -0.439923 -0.439923 2 1 0
0.291429 -0.459923 -0.459923 2 1 0
0.291296 -0.479922 -0.479922 2 1 0
0.291171 -0.499922 -0.499922 2 1 0
0.291053 -0.519921 -0.519921 2 1 0
0.290942 -0.539921 -0.539921 2 1 0
0.290838 -0.55992 -0.55992 2 1 0
0.290741 -0.57992 -0.57992 2 1 0
0.29065 -0.599919 -0.599919 2 1 0
0.290565 -0.619919 -0.619919 2 1 0
0.290486 -0.639919 -0.639919 2 1 0
0.290413 -0.659919 -0.659919 2 1 0
0.290345 -0.679918 -0.679918 2 1 0
0.290283 -0.699918 -0.699918 2 1 0
0.290226 -0.719918 -0.719918 2 1 0
0.290174 -0.739918 -0.739918 2 1 0
0.290127 -0.759917 -0.759917 2 1 0
0.290084 -0.779917 -0.779917 2 1 0
0.290046 -0.799917 -0.799917 2 1 0
0.290012 -0.819917 -0.819917 2 1 0
0.289982 -0.839917 -0.839917 2 1 0
0.289957 -0.859916 -0.859916 2 1 0
0.289935 -0.879916 -0.879916 2 1 0
0.289917 -0.899916 -0.899916 2 1 0
0.289902 -0.919916 -0.919916 2 1 0
0.289891 -0.939916 -0.939916 2 1 0
0.289883 -0.959916 -0.959916 2 1 0
0.289879 -0.979915 -0.979915 2 1 0
0.289877 -0.999915 -0.999915 2 1 0
0.289877 -1 -1 1 1 0
0.289879 -1.02 -1.02 1 1 0
0.289883 -1.04 -1.04 1 1 0
0.28989 -1.06 -1.06 1 1 0
0.2899 -1.08 -1.08 1 1 0
0.289912 -1.1 -1.1 1 1 0
0.289926 -1.12 -1.12 1 1 0
0.289943 -1.14 -1.14 1 1 0
0.289962 -1.16 -1.16 1 1 0
0.289983 -1.18 -1.18 1 1 0
0.290006 -1.2 -1.2 1 1 0
0.290031 -1.22 -1.22 1 1 0
0.290058 -1.24 -1.24 1 1 0
0.290087 -1.26 -1.26 1 1 0
0.290117 -1.28 -1.28 1 1 0
0.290149 -1.3 -1.3 1 1 0
0.290183 -1.32 -1.32 1 1 0
0.290218 -1.34 -1.34 1 1 0
0.290254 -1.36 -1.36 1 1 0
0.290291 -1.38 -1.38 1 1 0
0.29033 -1.4 -1.4 1 1 0
0.29037 -1.42 -1.42 1 1 0
0.290412 -1.44 -1.44 1 1 0
0.290454 -1.46 -1.46 1 1 0
0.290497 -1.48 -1.48 1 1 0
0.290541 -1.5 -1.5 1 1 0
0.290586 -1.52 -1.52 1 1 0
0.290632 -1.54 -1.54 1 1 0
0.290679 -1.56 -1.56 1 1 0
0.290727 -1.58 -1.58 1 1 0
0.290775 -1.6 -1.6 1 1 0
0.290823 -1.62 -1.62 1 1 0
0.290873 -1.64 -1.64 1 1 0
0.290923 -1.66 -1.66 1 1 0
0.290973 -1.68 -1.68 1 1 0
0.291024 -1.7 -1.7 1 1 0
0.291076 -1.71999 -1.71999 1 1 0
0.291128 -1.73999 -1.73999 1 1 0
0.29118 -1.75999 -1.75999 1 1 0
0.291232 -1.77999 -1.77999 1 1 0
0.291285 -1.79999 -1.79999 1 1 0
0.291338 -1.81999 -1.81999 1 1 0
0.291391 -1.83999 -1.83999 1 1 0
0.291445 -1.85999 -1.85999 1 1 0
0.291498 -1.87999 -1.87999 1 1 0
0.291552 -1.89999 -1.89999 1 1 0
0.291606 -1.91999 -1.91999 1 1 0
0.29166 -1.93999 -1.93999 1 1 0
0.291714 -1.95999 -1.95999 1 1 0
0.291769 -1.97999 -1.97999 1 1 0
0.291823 -1.99999 -1.99999 1 1 0
0.291877 -2.01999 -2.01999 1 1 0
0.291931 -2.03999 -2.03999 1 1 0
0.291985 -2.05999 -2.05999 1 1 0
0.292039 -2.07999 -2.07999 1 1 0
0.292093 -2.09999 -2.09999 1 1 0
0.292147 -2.11999 -2.11999 1 1 0
0.292201 -2.13999 -2.13999 1 1 0
0.292254 -2.15999 -2.15999 1 1 0
0.292308 -2.17999 -2.17999 1 1 0
0.292361 -2.19999 -2.19999 1 1 0
0.292414 -2.21999 -2.21999 1 1 0
0.292467 -2.23999 -2.23999 1 1 0
0.29252 -2.25999 -2.25999 1 1 0
0.292572 -2.27999 -2.27999 1 1 0
0.292625 -2.29999 -2.29999 1 1 0
0.292677 -2.31999 -2.31999 1 1 0
0.292729 -2.33999 -2.33999 1 1 0
0.29278 -2.35999 -2.35999 1 1 0
0.292831 -2.37999 -2.37999 1 1 0
0.292882 -2.39999 -2.39999 1 1 0
0.292933 -2.41999 -2.41999 1 1 0
0.292983 -2.43999 -2.43999 1 1 0
0.293034 -2.45999 -2.45999 1 1 0
0.293083 -2.47999 -2.47999 1 1 0
0.293133 -2.49999 -2.49999 1 1 0
0.293182 -2.51999 -2.51999 1 1 0
0.293231 -2.53999 -2.53999 1 1 0
0.293279 -2.55999 -2.55999 1 1 0
0.293327 -2.57999 -2.57999 1 1 0
0.293375 -2.59998 -2.59998 1 1 0
0.293422 -2.61998 -2.61998 1 1 0
0.293469 -2.63998 -2.63998 1 1 0
0.293516 -2.65998 -2.65998 1 1 0
0.293562 -2.67998 -2.67998 1 1 0
0.293608 -2.69998 -2.69998 1 1 0
0.293654 -2.71998 -2.71998 1 1 0
0.293699 -2.73998 -2.73998 1 1 0
0.293744 -2.75998 -2.75998 1 1 0
0.293788 -2.77998 -2.77998 1 1 0
0.293832 -2.79998 -2.79998 1 1 0
0.293876 -2.81998 -2.81998 1 1 0
0.293919 -2.83998 -2.83998 1 1 0
0.293962 -2.85998 -2.85998 1 1 0
0.294004 -2.87998 -2.87998 1 1 0
0.294046 -2.89998 -2.89998 1 1 0
0.294088 -2.91998 -2.91998 1 1 0
0.294129 -2.93998 -2.93998 1 1 0
0.29417 -2.95998 -2.95998 1 1 0
0.294211 -2.97998 -2.97998 1 1 0
0.294251 -2.99998 -2.99998 1 1 0
0.29429 -3.01998 -3.01998 1 1 0
0.294329 -3.03998 -3.03998 1 1 0
0.294368 -3.05998 -3.05998 1 1 0
0.294407 -3.07998 -3.07998 1 1 0
0.294445 -3.09998 -3.09998 1 1 0
0.294483 -3.11998 -3.11998 1 1 0
0.29452 -3.13998 -3.13998 1 1 0
0.294557 -3.15998 -3.15998 1 1 0
0.294593 -3.17998 -3.17998 1 1 0
0.294629 -3.19998 -3.19998 1 1 0
0.294665 -3.21998 -3.21998 1 1 0
0.2947 -3.23998 -3.23998 1 1 0
0.294735 -3.25998 -3.25998 1 1 0
0.29477 -3.27998 -3.27998 1 1 0
0.294804 -3.29998 -3.29998 1 1 0
0.294838 -3.31998 -3.31998 1 1 0
0.294871 -3.33998 -3.33998 1 1 0
0.294904 -3.35998 -3.35998 1 1 0
0.294937 -3.37998 -3.37998 1 1 0
0.294969 -3.39998 -3.39998 1 1 0
0.295001 -3.41998 -3.41998 1 1 0
0.295032 -3.43998 -3.43998 1 1 0
0.295063 -3.45998 -3.45998 1 1 0
0.295094 -3.47998 -3.47998 1 1 0
0.295125 -3.49998 -3.49998 1 1 0
0.295155 -3.51998 -3.51998 1 1 0
0.295184 -3.53998 -3.53998 1 1 0
0.295214 -3.55998 -3.55998 1 1 0
0.295243 -3.57998 -3.57998 1 1 0
0.295271 -3.59998 -3.59998 1 1 0
0.295299 -3.61997 -3.61997 1 1 0
0.295327 -3.63997 -3.63997 1 1 0
0.295355 -3.65997 -3.65997 1 1 0
0.295382 -3.67997 -3.67997 1 1 0
0.295409 -3.69997 -3.69997 1 1 0
0.295436 -3.71997 -3.71997 1 1 0
0.295462 -3.73997 -3.73997 1 1 0
0.295488 -3.75997 -3.75997 1 1 0
0.295513 -3.77997 -3.77997 1 1 0
0.295539 -3.79997 -3.79997 1 1 0
0.295563 -3.81997 -3.81997 1 1 0
0.295588 -3.83997 -3.83997 1 1 0
0.295612 -3.85997 -3.85997 1 1 0
0.297241 3.36262e-05 3.36262e-05 2 2 0
0.280963 2.39907e-16 2.39907e-16 1 2 0
0.264688 -2.33129e-09 -2.33129e-09 1 2 0
0.248414 -2.27402e-15 -2.27402e-15 1 2 0
0.232139 1.70923e-18 1.70923e-18 1 2 0
0.215864 3.15544e-30 3.15544e-30 1 2 0
0.19959 5.77779e-34 5.77779e-34 1 2 0
0.183315 -1.05097e-45 -1.05097e-45 1 2 0
0.16704 2.56585e-49 2.56585e-49 1 2 0
0.150766 -1.55575e-61 -1.55575e-61 1 2 0
0.134491 3.79823e-65 3.79823e-65 1 2 0
0.118216 -3.45447e-77 -3.45447e-77 1 2 0
0.101942 0 0 1 2 0
0.0856669 0 0 1 2 0
0.0693923 0 0 1 2 0
0.0531176 0 0 1 2 0
0.0368429 0 0 1 2 0
0.0205682 0 0 1 2 0
0.00429358 0 0 1 2 0
-0.0119811 0 0 1 2 0
0.297241 3.36262e-05 3.36262e-05 2 2 0
0.313517 1.10126e-16 1.10126e-16 1 2 0
0.329792 -2.22873e-09 -2.22873e-09 2 2 0
0.346066 -2.05755e-15 -2.05755e-15 2 2 0
0.362341 -1.46726e-18 -1.46726e-18 2 2 0
0.378616 1.97215e-30 1.97215e-30 2 2 0
0.39489 1.54074e-33 1.54074e-33 2 2 0
0.411165 7.00649e-46 7.00649e-46 2 2 0
0.42744 1.02634e-48 1.02634e-48 2 2 0
0.443714 -1.55575e-61 -1.55575e-61 2 2 0
0.459989 3.03858e-64 3.03858e-64 2 2 0
0.476264 1.72723e-76 1.72723e-76 2 2 0
0.492538 -6.74701e-80 -6.74701e-80 2 2 0
0.508813 3.06818e-92 3.06818e-92 2 2 0
0.525088 -2.99627e-95 -2.99627e-95 2 2 0
0.541362 0 0 2 2 0
0.557637 6.65306e-111 6.65306e-111 2 2 0
0.573912 1.59103e-123 1.59103e-123 2 2 0
0.590186 2.95455e-126 2.95455e-126 2 2 0
0.606461 0 0 2 2 0
0.622736 -3.28021e-142 -3.28021e-142 2 2 0
0.63901 1.45671e-157 1.45671e-157 2 2 0
0.655285 1.45671e-157 1.45671e-157 2 2 0
0.67156 0 0 2 2 0
0.687834 3.23454e-173 3.23454e-173 2 2 0
0.704109 -4.30927e-188 -4.30927e-188 2 2 0
0.720384 -1.43642e-188 -1.43642e-188 2 2 0
0.736658 1.59475e-204 1.59475e-204 2 2 0
0.752933 -6.379e-204 -6.379e-204 2 2 0
0.769208 -1.13314e-218 -1.13314e-218 2 2 0
0.785482 4.24927e-219 4.24927e-219 2 2 0
0.801757 2.51607e-234 2.51607e-234 2 2 0
0.818032 1.88706e-234 1.88706e-234 2 2 0
0.834306 2.7934e-250 2.7934e-250 2 2 0
0.850581 -2.7934e-250 -2.7934e-250 2 2 0
0.866856 -1.24052e-265 -1.24052e-265 2 2 0
0.88313 3.1013e-266 3.1013e-266 2 2 0
0.899405 -2.75451e-281 -2.75451e-281 2 2 0
0.91568 3.44314e-281 3.44314e-281 2 2 0
0.931954 0 0 2 2 0
0.948229 -6.11624e-297 -6.11624e-297 2 2 0
0.964504 0 0 2 2 0
0.980778 0 0 2 2 0
0.997053 0 0 2 2 0
1.01333 0 0 2 2 0
1.0296 0 0 2 2 0
1.04588 0 0 2 2 0
1.06215 0 0 2 2 0
1.07843 0 0 2 2 0
1.0947 0 0 2 2 0
1.11098 0 0 2 2 0
1.12725 0 0 2 2 0
1.14353 0 0 2 2 0
1.1598 0 0 2 2 0
1.17607 0 0 2 2 0
1.19235 0 0 2 2 0
1.20862 0 0 2 2 0
1.2249 0 0 2 2 0
1.24117 0 0 2 2 0
1.25745 0 0 2 2 0
1.27372 0 0 2 2 0
1.29 0 0 2 2 0
1.30627 0 0 2 2 0
1.32255 0 0 2 2 0
1.33882 0 0 2 2 0
1.3551 0 0 2 2 0
1.37137 0 0 2 2 0
1.38765 0 0 2 2 0
1.40392 0 0 2 2 0
1.42019 0 0 2 2 0
1.43647 0 0 2 2 0
1.45274 0 0 2 2 0
1.46902 0 0 2 2 0
1.48529 0 0 2 2 0
1.50157 0 0 2 2 0
1.51784 0 0 2 2 0
1.53412 0 0 2 2 0
1.55039 0 0 2 2 0
1.56667 0 0 2 2 0
1.58294 0 0 2 2 0
1.59922 0 0 2 2 0
1.61549 0 0 2 2 0
1.63177 0 0 2 2 0
1.64804 0 0 2 2 0
1.66431 0 0 2 2 0
1.68059 0 0 2 2 0
1.69686 0 0 2 2 0
1.71314 0 0 2 2 0
1.72941 0 0 2 2 0
1.74569 0 0 2 2 0
1.76196 0 0 2 2 0
1.77824 0 0 2 2 0
1.79451 0 0 2 2 0
1.81079 0 0 2 2 0
1.82706 0 0 2 2 0
1.84334 0 0 2 2 0
1.85961 0 0 2 2 0
1.87589 0 0 2 2 0
1.89216 0 0 2 2 0
1.90843 0 0 2 2 0
1.92471 0 0 2 2 0
1.94098 0 0 2 2 0
1.95726 0 0 2 2 0
1.97353 0 0 2 2 0
1.98981 0 0 2 2 0
2.00608 0 0 2 2 0
2.02236 0 0 2 2 0
2.03863 0 0 2 2 0
2.05491 0 0 2 2 0
2.07118 0 0 2 2 0
2.08746 0 0 2 2 0
2.10373 0 0 2 2 0
2.12001 0 0 2 2 0
2.13628 0 0 2 2 0
2.15255 0 0 2 2 0
2.16883 0 0 2 2 0
2.1851 0 0 2 2 0
2.20138 0 0 2 2 0
2.21765 0 0 2 2 0
2.23393 0 0 2 2 0
2.2502 0 0 2 2 0
2.26648 0 0 2 2 0
2.28275 0 0 2 2 0
2.29903 0 0 2 2 0
2.3153 0 0 2 2 0
2.33158 0 0 2 2 0
2.34785 0 0 2 2 0
2.36413 0 0 2 2 0
2.3804 0 0 2 2 0
2.39667 0 0 2 2 0
2.41295 0 0 2 2 0
2.42922 0 0 2 2 0
2.4455 0 0 2 2 0
2.46177 0 0 2 2 0
2.47805 0 0 2 2 0
2.49432 0 0 2 2 0
2.5106 0 0 2 2 0
2.52687 0 0 2 2 0
2.54315 0 0 2 2 0
2.55942 0 0 2 2 0
2.5757 0 0 2 2 0
2.59197 0 0 2 2 0
2.60825 0 0 2 2 0
2.62452 0 0 2 2 0
2.64079 0 0 2 2 0
2.65707 0 0 2 2 0
2.67334 0 0 2 2 0
2.68962 0 0 2 2 0
2.70589 0 0 2 2 0
2.72217 0 0 2 2 0
2.73844 0 0 2 2 0
2.75472 0 0 2 2 0
2.77099 0 0 2 2 0
2.78727 0 0 2 2 0
2.80354 0 0 2 2 0
2.81982 0 0 2 2 0
2.83609 0 0 2 2 0
2.85237 0 0 2 2 0
2.86864 0 0 2 2 0
2.88491 0 0 2 2 0
2.90119 0 0 2 2 0
2.91746 0 0 2 2 0
2.93374 0 0 2 2 0
2.95001 0 0 2 2 0
2.96629 0 0 2 2 0
2.98256 0 0 2 2 0
2.99884 0 0 2 2 0
3.01511 0 0 2 2 0
3.03139 0 0 2 2 0
3.04766 0 0 2 2 0
3.06394 0 0 2 2 0
3.08021 0 0 2 2 0
3.09649 0 0 2 2 0
3.11276 0 0 2 2 0
3.12903 0 0 2 2 0
3.14531 0 0 2 2 0
3.16158 0 0 2 2 0
3.17786 0 0 2 2 0
3.19413 0 0 2 2 0
3.21041 0 0 2 2 0
3.22668 0 0 2 2 0
3.24296 0 0 2 2 0
3.25923 0 0 2 2 0
3.27551 0 0 2 2 0
3.29178 0 0 2 2 0
3.30806 0 0 2 2 0
3.32433 0 0 2 2 0
3.34061 0 0 2 2 0
3.35688 0 0 2 2 0
3.37315 0 0 2 2 0
3.38943 0 0 2 2 0
3.4057 0 0 2 2 0
3.42198 0 0 2 2 0
3.43825 0 0 2 2 0
3.45453 0 0 2 2 0
3.4708 0 0 2 2 0
3.48708 0 0 2 2 0
3.50335 0 0 2 2 0
3.51963 0 0 2 2 0
3.5359 0 0 2 2 0
0.299901 0.118131 0.118131 2 1 0
0.300947 0.158117 0.158117 1 1 0
0.3015 0.178109 0.178109 1 1 0
0.302073 0.198101 0.198101 1 1 0
0.302669 0.218092 0.218092 1 1 0
0.303286 0.238082 0.238082 1 1 0
0.303926 0.258072 0.258072 1 1 0
0.304589 0.278061 0.278061 1 1 0
0.305276 0.298049 0.298049 1 1 0
0.305988 0.318036 0.318036 1 1 0
0.306726 0.338022 0.338022 1 1 0
0.30749 0.358007 0.358007 1 1 0
0.30828 0.377992 0.377992 1 1 0
0.309098 0.397975 0.397975 1 1 0
0.309945 0.417957 0.417957 1 1 0
0.310821 0.437937 0.437937 1 1 0
0.311727 0.457917 0.457917 1 1 0
0.312664 0.477895 0.477895 1 1 0
0.313633 0.497871 0.497871 1 1 0
0.314635 0.517846 0.517846 1 1 0
0.315671 0.537819 0.537819 1 1 0
0.316741 0.55779 0.55779 1 1 0
0.317846 0.577759 0.577759 1 1 0
0.318988 0.597727 0.597727 1 1 0
0.320168 0.617692 0.617692 1 1 0
0.321386 0.637654 0.637654 1 1 0
0.322644 0.657615 0.657615 1 1 0
0.323943 0.677572 0.677572 1 1 0
0.325283 0.697527 0.697527 1 1 0
0.326667 0.717479 0.717479 1 1 0
0.328094 0.737428 0.737428 1 1 0
0.329567 0.757374 0.757374 1 1 0
0.331087 0.777316 0.777316 1 1 0
0.332654 0.797254 0.797254 1 1 0
0.33427 0.817189 0.817189 1 1 0
0.335937 0.837119 0.837119 1 1 0
0.337655 0.857045 0.857045 1 1 0
0.339427 0.876966 0.876966 1 1 0
0.341253 0.896883 0.896883 1 1 0
0.343135 0.916794 0.916794 1 1 0
0.345074 0.936699 0.936699 1 1 0
0.347072 0.956599 0.956599 1 1 0
0.349131 0.976493 0.976493 1 1 0
0.351251 0.99638 0.99638 1 1 0
0.353435 1.01626 1.01626 1 1 0
0.355684 1.03613 1.03613 1 1 0
0.357999 1.056 1.056 1 1 0
0.360383 1.07586 1.07586 1 1 0
0.362837 1.09571 1.09571 1 1 0
0.365363 1.11555 1.11555 1 1 0
0.367963 1.13538 1.13538 1 1 0
0.370638 1.1552 1.1552 1 1 0
0.37339 1.17501 1.17501 1 1 0
0.376222 1.1948 1.1948 1 1 0
0.379134 1.21459 1.21459 1 1 0
0.38213 1.23437 1.23437 1 1 0
0.38521 1.25413 1.25413 1 1 0
0.388377 1.27387 1.27387 1 1 0
0.391634 1.29361 1.29361 1 1 0
0.394981 1.31333 1.31333 1 1 0
0.398421 1.33303 1.33303 1 1 0
0.401956 1.35271 1.35271 1 1 0
0.405589 1.37238 1.37238 1 1 0
0.409321 1.39203 1.39203 1 1 0
0.413155 1.41166 1.41166 1 1 0
0.417092 1.43127 1.43127 1 1 0
0.421135 1.45085 1.45085 1 1 0
0.425287 1.47042 1.47042 1 1 0
0.429549 1.48996 1.48996 1 1 0
0.433924 1.50948 1.50948 1 1 0
0.438413 1.52897 1.52897 1 1 0
0.44302 1.54843 1.54843 1 1 0
0.447746 1.56786 1.56786 1 1 0
0.452594 1.58726 1.58726 1 1 0
0.457567 1.60664 1.60664 1 1 0
0.462665 1.62598 1.62598 1 1 0
0.467892 1.64528 1.64528 1 1 0
0.47325 1.66455 1.66455 1 1 0
0.478741 1.68378 1.68378 1 1 0
0.484367 1.70298 1.70298 1 1 0
0.49013 1.72213 1.72213 1 1 0
0.496033 1.74124 1.74124 1 1 0
0.502078 1.7603 1.7603 1 1 0
0.508267 1.77932 1.77932 1 1 0
0.514601 1.79829 1.79829 1 1 0
0.521084 1.81721 1.81721 1 1 0
0.527716 1.83608 1.83608 1 1 0
0.5345 1.8549 1.8549 1 1 0
0.541438 1.87366 1.87366 1 1 0
0.54853 1.89236 1.89236 1 1 0
0.55578 1.91099 1.91099 1 1 0
0.563188 1.92957 1.92957 1 1 0
0.570757 1.94808 1.94808 1 1 0
0.578487 1.96653 1.96653 1 1 0
0.58638 1.98491 1.98491 1 1 0
0.594437 2.00321 2.00321 1 1 0
0.60266 2.02144 2.02144 1 1 0
0.611049 2.0396 2.0396 1 1 0
0.619605 2.05768 2.05768 1 1 0
0.62833 2.07567 2.07567 1 1 0
0.637223 2.09359 2.09359 1 1 0
0.646286 2.11141 2.11141 1 1 0
0.655519 2.12916 2.12916 1 1 0
0.664923 2.14681 2.14681 1 1 0
0.674497 2.16437 2.16437 1 1 0
0.684242 2.18183 2.18183 1 1 0
0.694157 2.1992 2.1992 1 1 0
0.704243 2.21647 2.21647 1 1 0
0.714499 2.23364 2.23364 1 1 0
0.724926 2.25071 2.25071 1 1 0
0.735521 2.26767 2.26767 1 1 0
0.746286 2.28453 2.28453 1 1 0
0.757218 2.30128 2.30128 1 1 0
0.768317 2.31792 2.31792 1 1 0
0.779582 2.33445 2.33445 1 1 0
0.791011 2.35086 2.35086 1 1 0
0.802604 2.36716 2.36716 1 1 0
0.81436 2.38334 2.38334 1 1 0
0.826275 2.3994 2.3994 1 1 0
0.83835 2.41535 2.41535 1 1 0
0.850583 2.43117 2.43117 1 1 0
0.862971 2.44687 2.44687 1 1 0
0.875513 2.46245 2.46245 1 1 0
0.888206 2.47791 2.47791 1 1 0
0.90105 2.49324 2.49324 1 1 0
0.914042 2.50845 2.50845 1 1 0
0.927179 2.52353 2.52353 1 1 0
0.94046 2.53849 2.53849 1 1 0
0.953882 2.55331 2.55331 1 1 0
0.967443 2.56802 2.56802 1 1 0
0.981142 2.58259 2.58259 1 1 0
0.994974 2.59704 2.59704 1 1 0
1.00894 2.61135 2.61135 1 1 0
1.02303 2.62554 2.62554 1 1 0
1.03725 2.63961 2.63961 1 1 0
1.0516 2.65354 2.65354 1 1 0
1.06607 2.66735 2.66735 1 1 0
1.08066 2.68103 2.68103 1 1 0
1.09537 2.69459 2.69459 1 1 0
1.11019 2.70802 2.70802 1 1 0
1.12512 2.72132 2.72132 1 1 0
1.14017 2.7345 2.7345 1 1 0
1.15532 2.74755 2.74755 1 1 0
1.17058 2.76048 2.76048 1 1 0
1.18594 2.77329 2.77329 1 1 0
1.2014 2.78598 2.78598 1 1 0
1.21696 2.79854 2.79854 1 1 0
1.23262 2.81099 2.81099 1 1 0
1.24837 2.82331 2.82331 1 1 0
1.26422 2.83552 2.83552 1 1 0
1.28015 2.84761 2.84761 1 1 0
1.29617 2.85958 2.85958 1 1 0
1.31228 2.87144 2.87144 1 1 0
1.32847 2.88318 2.88318 1 1 0
1.34474 2.89481 2.89481 1 1 0
1.36109 2.90633 2.90633 1 1 0
1.37752 2.91774 2.91774 1 1 0
1.39402 2.92903 2.92903 1 1 0
1.4106 2.94022 2.94022 1 1 0
1.42725 2.9513 2.9513 1 1 0
1.44397 2.96228 2.96228 1 1 0
1.46076 2.97315 2.97315 1 1 0
1.47761 2.98392 2.98392 1 1 0
1.49453 2.99458 2.99458 1 1 0
1.51152 3.00515 3.00515 1 1 0
1.52856 3.01561 3.01561 1 1 0
1.54567 3.02597 3.02597 1 1 0
1.56283 3.03624 3.03624 1 1 0
1.58005 3.04641 3.04641 1 1 0
1.59733 3.05649 3.05649 1 1 0
1.61466 3.06647 3.06647 1 1 0
1.63204 3.07636 3.07636 1 1 0
1.64948 3.08616 3.08616 1 1 0
1.66697 3.09587 3.09587 1 1 0
1.6845 3.10548 3.10548 1 1 0
1.70208 3.11502 3.11502 1 1 0
1.71971 3.12446 3.12446 1 1 0
1.73739 3.13382 3.13382 1 1 0
1.75511 3.14309 3.14309 1 1 0
1.77287 3.15228 3.15228 1 1 0
1.79068 3.16139 3.16139 1 1 0
1.80853 3.17042 3.17042 1 1 0
1.82641 3.17937 3.17937 1 1 0
1.84434 3.18824 3.18824 1 1 0
1.8623 3.19703 3.19703 1 1 0
1.8803 3.20574 3.20574 1 1 0
1.89834 3.21438 3.21438 1 1 0
1.91642 3.22294 3.22294 1 1 0
1.93452 3.23144 3.23144 1 1 0
1.95267 3.23985 3.23985 1 1 0
1.97084 3.2482 3.2482 1 1 0
1.98905 3.25648 3.25648 1 1 0
2.00729 3.26468 3.26468 1 1 0
2.02556 3.27282 3.27282 1 1 0
2.04386 3.28089 3.28089 1 1 0
2.06219 3.28889 3.28889 1 1 0
2.08055 3.29683 3.29683 1 1 0
2.09893 3.3047 3.3047 1 1 0
2.11734 3.31251 3.31251 1 1 0
2.13578 3.32025 3.32025 1 1 0
3.5359 0 0 2 2 0
3.56845 0 0 2 2 0
3.58473 0 0 2 2 0
3.601 0 0 2 2 0
3.61728 0 0 2 2 0
3.63355 0 0 2 2 0
3.64982 0 0 2 2 0
3.6661 0 0 2 2 0
3.68237 0 0 2 2 0
3.69865 0 0 2 2 0
3.71492 0 0 2 2 0
3.7312 0 0 2 2 0
3.74747 0 0 2 2 0
3.76375 0 0 2 2 0
3.78002 0 0 2 2 0
3.7963 0 0 2 2 0
3.81257 0 0 2 2 0
3.82885 0 0 2 2 0
3.84512 0 0 2 2 0
3.8614 0 0 2 2 0
3.87767 0 0 2 2 0
3.89394 0 0 2 2 0
3.91022 0 0 2 2 0
3.92649 0 0 2 2 0
3.94277 0 0 2 2 0
3.95904 0 0 2 2 0
3.97532 0 0 2 2 0
3.99159 0 0 2 2 0
4.00787 0 0 2 2 0
4.02414 0 0 2 2 0
4.04042 0 0 2 2 0
4.05669 0 0 2 2 0
4.07297 0 0 2 2 0
4.08924 0 0 2 2 0
4.10552 0 0 2 2 0
4.12179 0 0 2 2 0
4.13806 0 0 2 2 0
4.15434 0 0 2 2 0
4.17061 0 0 2 2 0
4.18689 0 0 2 2 0
4.20316 0 0 2 2 0
4.21944 0 0 2 2 0
4.23571 0 0 2 2 0
4.25199 0 0 2 2 0
4.26826 0 0 2 2 0
4.28454 0 0 2 2 0
4.30081 0 0 2 2 0
4.31709 0 0 2 2 0
4.33336 0 0 2 2 0
4.34964 0 0 2 2 0
4.36591 0 0 2 2 0
4.38218 0 0 2 2 0
4.39846 0 0 2 2 0
4.41473 0 0 2 2 0
4.43101 0 0 2 2 0
4.44728 0 0 2 2 0
4.46356 0 0 2 2 0
4.47983 0 0 2 2 0
4.49611 0 0 2 2 0
4.51238 0 0 2 2 0
4.52866 0 0 2 2 0
4.54493 0 0 2 2 0
4.56121 0 0 2 2 0
4.57748 0 0 2 2 0
4.59376 0 0 2 2 0
4.61003 0 0 2 2 0
4.6263 0 0 2 2 0
4.64258 0 0 2 2 0
4.65885 0 0 2 2 0
4.67513 0 0 2 2 0
4.6914 0 0 2 2 0
4.70768 0 0 2 2 0
4.72395 0 0 2 2 0
4.74023 0 0 2 2 0
4.7565 0 0 2 2 0
4.77278 0 0 2 2 0
4.78905 0 0 2 2 0
4.80533 0 0 2 2 0
4.8216 0 0 2 2 0
4.83788 0 0 2 2 0
4.85415 0 0 2 2 0
4.87042 0 0 2 2 0
4.8867 0 0 2 2 0
4.90297 0 0 2 2 0
4.91925 0 0 2 2 0
4.93552 0 0 2 2 0
4.9518 0 0 2 2 0
4.96807 0 0 2 2 0
4.98435 0 0 2 2 0
5.00062 0 0 2 2 0
5.0169 0 0 2 2 0
5.03317 0 0 2 2 0
5.04945 0 0 2 2 0
5.06572 0 0 2 2 0
5.082 0 0 2 2 0
5.09827 0 0 2 2 0
5.11454 0 0 2 2 0
5.13082 0 0 2 2 0
5.14709 0 0 2 2 0
5.16337 0 0 2 2 0
5.17964 0 0 2 2 0
5.19592 0 0 2 2 0
5.21219 0 0 2 2 0
5.22847 0 0 2 2 0
5.24474 0 0 2 2 0
5.26102 0 0 2 2 0
5.27729 0 0 2 2 0
5.29357 0 0 2 2 0
5.30984 0 0 2 2 0
5.32612 0 0 2 2 0
5.34239 0 0 2 2 0
5.35866 0 0 2 2 0
5.37494 0 0 2 2 0
5.39121 0 0 2 2 0
5.40749 0 0 2 2 0
5.42376 0 0 2 2 0
5.44004 0 0 2 2 0
5.45631 0 0 2 2 0
5.47259 0 0 2 2 0
5.48886 0 0 2 2 0
5.50514 0 0 2 2 0
5.52141 0 0 2 2 0
5.53769 0 0 2 2 0
5.55396 0 0 2 2 0
5.57024 0 0 2 2 0
5.58651 0 0 2 2 0
5.60278 0 0 2 2 0
5.61906 0 0 2 2 0
5.63533 0 0 2 2 0
5.65161 0 0 2 2 0
5.66788 0 0 2 2 0
5.68416 0 0 2 2 0
5.70043 0 0 2 2 0
5.71671 0 0 2 2 0
5.73298 0 0 2 2 0
5.74926 0 0 2 2 0
5.76553 0 0 2 2 0
5.78181 0 0 2 2 0
5.79808 0 0 2 2 0
5.81436 0 0 2 2 0
5.83063 0 0 2 2 0
5.8469 0 0 2 2 0
5.86318 0 0 2 2 0
5.87945 0 0 2 2 0
5.89573 0 0 2 2 0
5.912 0 0 2 2 0
5.92828 0 0 2 2 0
5.94455 0 0 2 2 0
5.96083 0 0 2 2 0
5.9771 0 0 2 2 0
5.99338 0 0 2 2 0
6.00965 0 0 2 2 0
6.02593 0 0 2 2 0
6.0422 0 0 2 2 0
6.05848 0 0 2 2 0
6.07475 0 0 2 2 0
6.09103 0 0 2 2 0
6.1073 0 0 2 2 0
6.12357 0 0 2 2 0
6.13985 0 0 2 2 0
6.15612 0 0 2 2 0
6.1724 0 0 2 2 0
6.18867 0 0 2 2 0
6.20495 0 0 2 2 0
6.22122 0 0 2 2 0
6.2375 0 0 2 2 0
6.25377 0 0 2 2 0
6.27005 0 0 2 2 0
6.28632 0 0 2 2 0
6.3026 0 0 2 2 0
6.31887 0 0 2 2 0
6.33515 0 0 2 2 0
6.35142 0 0 2 2 0
6.36769 0 0 2 2 0
6.38397 0 0 2 2 0
6.40024 0 0 2 2 0
6.41652 0 0 2 2 0
6.43279 0 0 2 2 0
6.44907 0 0 2 2 0
6.46534 0 0 2 2 0
6.48162 0 0 2 2 0
6.49789 0 0 2 2 0
6.51417 0 0 2 2 0
6.53044 0 0 2 2 0
6.54672 0 0 2 2 0
6.56299 0 0 2 2 0
6.57927 0 0 2 2 0
6.59554 0 0 2 2 0
6.61181 0 0 2 2 0
6.62809 0 0 2 2 0
6.64436 0 0 2 2 0
6.66064 0 0 2 2 0
6.67691 0 0 2 2 0
6.69319 0 0 2 2 0
6.70946 0 0 2 2 0
6.72574 0 0 2 2 0
6.74201 0 0 2 2 0
6.75829 0 0 2 2 0
6.77456 0 0 2 2 0
6.79084 0 0 2 2 0
3.5359 0 0 2 2 0
3.56845 0 0 2 2 0
3.58473 0 0 2 2 0
3.601 0 0 2 2 0
3.61728 0 0 2 2 0
3.63355 0 0 2 2 0
3.64982 0 0 2 2 0
3.6661 0 0 2 2 0
3.68237 0 0 2 2 0
3.69865 0 0 2 2 0
3.71492 0 0 2 2 0
3.7312 0 0 2 2 0
3.74747 0 0 2 2 0
3.76375 0 0 2 2 0
3.78002 0 0 2 2 0
3.7963 0 0 2 2 0
3.81257 0 0 2 2 0
3.82885 0 0 2 2 0
3.84512 0 0 2 2 0
3.8614 0 0 2 2 0
3.87767 0 0 2 2 0
3.89394 0 0 2 2 0
3.91022 0 0 2 2 0
3.92649 0 0 2 2 0
3.94277 0 0 2 2 0
3.95904 0 0 2 2 0
3.97532 0 0 2 2 0
3.99159 0 0 2 2 0
4.00787 0 0 2 2 0
4.02414 0 0 2 2 0
4.04042 0 0 2 2 0
4.05669 0 0 2 2 0
4.07297 0 0 2 2 0
4.08924 0 0 2 2 0
4.10552 0 0 2 2 0
4.12179 0 0 2 2 0
4.13806 0 0 2 2 0
4.15434 0 0 2 2 0
4.17061 0 0 2 2 0
4.18689 0 0 2 2 0
4.20316 0 0 2 2 0
4.21944 0 0 2 2 0
4.23571 0 0 2 2 0
4.25199 0 0 2 2 0
4.26826 0 0 2 2 0
4.28454 0 0 2 2 0
4.30081 0 0 2 2 0
4.31709 0 0 2 2 0
4.33336 0 0 2 2 0
4.34964 0 0 2 2 0
4.36591 0 0 2 2 0
4.38218 0 0 2 2 0
4.39846 0 0 2 2 0
4.41473 0 0 2 2 0
4.43101 0 0 2 2 0
4.44728 0 0 2 2 0
4.46356 0 0 2 2 0
4.47983 0 0 2 2 0
4.49611 0 0 2 2 0
4.51238 0 0 2 2 0
4.52866 0 0 2 2 0
4.54493 0 0 2 2 0
4.56121 0 0 2 2 0
4.57748 0 0 2 2 0
4.59376 0 0 2 2 0
4.61003 0 0 2 2 0
4.6263 0 0 2 2 0
4.64258 0 0 2 2 0
4.65885 0 0 2 2 0
4.67513 0 0 2 2 0
4.6914 0 0 2 2 0
4.70768 0 0 2 2 0
4.72395 0 0 2 2 0
4.74023 0 0 2 2 0
4.7565 0 0 2 2 0
4.77278 0 0 2 2 0
4.78905 0 0 2 2 0
4.80533 0 0 2 2 0
4.8216 0 0 2 2 0
4.83788 0 0 2 2 0
4.85415 0 0 2 2 0
4.87042 0 0 2 2 0
4.8867 0 0 2 2 0
4.90297 0 0 2 2 0
4.91925 0 0 2 2 0
4.93552 0 0 2 2 0
4.9518 0 0 2 2 0
4.96807 0 0 2 2 0
4.98435 0 0 2 2 0
5.00062 0 0 2 2 0
5.0169 0 0 2 2 0
5.03317 0 0 2 2 0
5.04945 0 0 2 2 0
5.06572 0 0 2 2 0
5.082 0 0 2 2 0
5.09827 0 0 2 2 0
5.11454 0 0 2 2 0
5.13082 0 0 2 2 0
5.14709 0 0 2 2 0
5.16337 0 0 2 2 0
5.17964 0 0 2 2 0
5.19592 0 0 2 2 0
5.21219 0 0 2 2 0
5.22847 0 0 2 2 0
5.24474 0 0 2 2 0
5.26102 0 0 2 2 0
5.27729 0 0 2 2 0
5.29357 0 0 2 2 0
5.30984 0 0 2 2 0
5.32612 0 0 2 2 0
5.34239 0 0 2 2 0
5.35866 0 0 2 2 0
5.37494 0 0 2 2 0
5.39121 0 0 2 2 0
5.40749 0 0 2 2 0
5.42376 0 0 2 2 0
5.44004 0 0 2 2 0
5.45631 0 0 2 2 0
5.47259 0 0 2 2 0
5.48886 0 0 2 2 0
5.50514 0 0 2 2 0
5.52141 0 0 2 2 0
5.53769 0 0 2 2 0
5.55396 0 0 2 2 0
5.57024 0 0 2 2 0
5.58651 0 0 2 2 0
5.60278 0 0 2 2 0
5.61906 0 0 2 2 0
5.63533 0 0 2 2 0
5.65161 0 0 2 2 0
5.66788 0 0 2 2 0
5.68416 0 0 2 2 0
5.70043 0 0 2 2 0
5.71671 0 0 2 2 0
5.73298 0 0 2 2 0
5.74926 0 0 2 2 0
5.76553 0 0 2 2 0
5.78181 0 0 2 2 0
5.79808 0 0 2 2 0
5.81436 0 0 2 2 0
5.83063 0 0 2 2 0
5.8469 0 0 2 2 0
5.86318 0 0 2 2 0
5.87945 0 0 2 2 0
5.89573 0 0 2 2 0
5.912 0 0 2 2 0
5.92828 0 0 2 2 0
5.94455 0 0 2 2 0
5.96083 0 0 2 2 0
5.9771 0 0 2 2 0
5.99338 0 0 2 2 0
6.00965 0 0 2 2 0
6.02593 0 0 2 2 0
6.0422 0 0 2 2 0
6.05848 0 0 2 2 0
6.07475 0 0 2 2 0
6.09103 0 0 2 2 0
6.1073 0 0 2 2 0
6.12357 0 0 2 2 0
6.13985 0 0 2 2 0
6.15612 0 0 2 2 0
6.1724 0 0 2 2 0
6.18867 0 0 2 2 0
6.20495 0 0 2 2 0
6.22122 0 0 2 2 0
6.2375 0 0 2 2 0
6.25377 0 0 2 2 0
6.27005 0 0 2 2 0
6.28632 0 0 2 2 0
6.3026 0 0 2 2 0
6.31887 0 0 2 2 0
6.33515 0 0 2 2 0
6.35142 0 0 2 2 0
6.36769 0 0 2 2 0
6.38397 0 0 2 2 0
6.40024 0 0 2 2 0
6.41652 0 0 2 2 0
6.43279 0 0 2 2 0
6.44907 0 0 2 2 0
6.46534 0 0 2 2 0
6.48162 0 0 2 2 0
6.49789 0 0 2 2 0
6.51417 0 0 2 2 0
6.53044 0 0 2 2 0
6.54672 0 0 2 2 0
6.56299 0 0 2 2 0
6.57927 0 0 2 2 0
6.59554 0 0 2 2 0
6.61181 0 0 2 2 0
6.62809 0 0 2 2 0
6.64436 0 0 2 2 0
6.66064 0 0 2 2 0
6.67691 0 0 2 2 0
6.69319 0 0 2 2 0
6.70946 0 0 2 2 0
6.72574 0 0 2 2 0
6.74201 0 0 2 2 0
6.75829 0 0 2 2 0
6.77456 0 0 2 2 0
6.79084 0 0 2 2 0
6.79084 0 0 2 2 0
6.82339 0 0 2 2 0
6.83966 0 0 2 2 0
6.85593 0 0 2 2 0
6.87221 0 0 2 2 0
6.88848 0 0 2 2 0
6.90476 0 0 2 2 0
6.92103 0 0 2 2 0
6.93731 0 0 2 2 0
6.95358 0 0 2 2 0
6.96986 0 0 2 2 0
6.98613 0 0 2 2 0
7.00241 0 0 2 2 0
7.01868 0 0 2 2 0
7.03496 0 0 2 2 0
7.05123 0 0 2 2 0
7.06751 0 0 2 2 0
7.08378 0 0 2 2 0
7.10005 0 0 2 2 0
7.11633 0 0 2 2 0
7.1326 0 0 2 2 0
7.14888 0 0 2 2 0
7.16515 0 0 2 2 0
7.18143 0 0 2 2 0
7.1977 0 0 2 2 0
7.21398 0 0 2 2 0
7.23025 0 0 2 2 0
7.24653 0 0 2 2 0
7.2628 0 0 2 2 0
7.27908 0 0 2 2 0
7.29535 0 0 2 2 0
7.31163 0 0 2 2 0
7.3279 0 0 2 2 0
7.34417 0 0 2 2 0
7.36045 0 0 2 2 0
7.37672 0 0 2 2 0
7.393 0 0 2 2 0
7.40927 0 0 2 2 0
7.42555 0 0 2 2 0
7.44182 0 0 2 2 0
7.4581 0 0 2 2 0
7.47437 0 0 2 2 0
7.49065 0 0 2 2 0
7.50692 0 0 2 2 0
7.5232 0 0 2 2 0
7.53947 0 0 2 2 0
7.55575 0 0 2 2 0
7.57202 0 0 2 2 0
7.58829 0 0 2 2 0
7.60457 0 0 2 2 0
7.62084 0 0 2 2 0
7.63712 0 0 2 2 0
7.65339 0 0 2 2 0
7.66967 0 0 2 2 0
7.68594 0 0 2 2 0
7.70222 0 0 2 2 0
7.71849 0 0 2 2 0
7.73477 0 0 2 2 0
7.75104 0 0 2 2 0
7.76732 0 0 2 2 0
7.78359 0 0 2 2 0
7.79987 0 0 2 2 0
7.81614 0 0 2 2 0
7.83241 0 0 2 2 0
7.84869 0 0 2 2 0
7.86496 0 0 2 2 0
7.88124 0 0 2 2 0
7.89751 0 0 2 2 0
7.91379 0 0 2 2 0
7.93006 0 0 2 2 0
7.94634 0 0 2 2 0
7.96261 0 0 2 2 0
7.97889 0 0 2 2 0
7.99516 0 0 2 2 0
8.01144 0 0 2 2 0
8.02771 0 0 2 2 0
8.04399 0 0 2 2 0
8.06026 0 0 2 2 0
8.07653 0 0 2 2 0
8.09281 0 0 2 2 0
8.10908 0 0 2 2 0
8.12536 0 0 2 2 0
8.14163 0 0 2 2 0
8.15791 0 0 2 2 0
8.17418 0 0 2 2 0
8.19046 0 0 2 2 0
8.20673 0 0 2 2 0
8.22301 0 0 2 2 0
8.23928 0 0 2 2 0
8.25556 0 0 2 2 0
8.27183 0 0 2 2 0
8.28811 0 0 2 2 0
8.30438 0 0 2 2 0
8.32065 0 0 2 2 0
8.33693 0 0 2 2 0
8.3532 0 0 2 2 0
8.36948 0 0 2 2 0
8.38575 0 0 2 2 0
8.40203 0 0 2 2 0
8.4183 0 0 2 2 0
8.43458 0 0 2 2 0
8.45085 0 0 2 2 0
8.46713 0 0 2 2 0
8.4834 0 0 2 2 0
8.49968 0 0 2 2 0
8.51595 0 0 2 2 0
8.53223 0 0 2 2 0
8.5485 0 0 2 2 0
8.56478 0 0 2 2 0
8.58105 0 0 2 2 0
8.59732 0 0 2 2 0
8.6136 0 0 2 2 0
8.62987 0 0 2 2 0
8.64615 0 0 2 2 0
8.66242 0 0 2 2 0
8.6787 0 0 2 2 0
8.69497 0 0 2 2 0
8.71125 0 0 2 2 0
8.72752 0 0 2 2 0
8.7438 0 0 2 2 0
8.76007 0 0 2 2 0
8.77635 0 0 2 2 0
8.79262 0 0 2 2 0
8.8089 0 0 2 2 0
8.82517 0 0 2 2 0
8.84144 0 0 2 2 0
8.85772 0 0 2 2 0
8.87399 0 0 2 2 0
8.89027 0 0 2 2 0
8.90654 0 0 2 2 0
8.92282 0 0 2 2 0
8.93909 0 0 2 2 0
8.95537 0 0 2 2 0
8.97164 0 0 2 2 0
8.98792 0 0 2 2 0
9.00419 0 0 2 2 0
9.02047 0 0 2 2 0
9.03674 0 0 2 2 0
9.05302 0 0 2 2 0
9.06929 0 0 2 2 0
9.08556 0 0 2 2 0
9.10184 0 0 2 2 0
9.11811 0 0 2 2 0
9.13439 0 0 2 2 0
9.15066 0 0 2 2 0
9.16694 0 0 2 2 0
9.18321 0 0 2 2 0
9.19949 0 0 2 2 0
9.21576 0 0 2 2 0
9.23204 0 0 2 2 0
9.24831 0 0 2 2 0
9.26459 0 0 2 2 0
9.28086 0 0 2 2 0
9.29714 0 0 2 2 0
9.31341 0 0 2 2 0
9.32968 0 0 2 2 0
9.34596 0 0 2 2 0
9.36223 0 0 2 2 0
9.37851 0 0 2 2 0
9.39478 0 0 2 2 0
9.41106 0 0 2 2 0
9.42733 0 0 2 2 0
9.44361 0 0 2 2 0
9.45988 0 0 2 2 0
9.47616 0 0 2 2 0
9.49243 0 0 2 2 0
9.50871 0 0 2 2 0
9.52498 0 0 2 2 0
9.54126 0 0 2 2 0
9.55753 0 0 2 2 0
9.5738 0 0 2 2 0
9.59008 0 0 2 2 0
9.60635 0 0 2 2 0
9.62263 0 0 2 2 0
9.6389 0 0 2 2 0
9.65518 0 0 2 2 0
9.67145 0 0 2 2 0
9.68773 0 0 2 2 0
9.704 0 0 2 2 0
9.72028 0 0 2 2 0
9.73655 0 0 2 2 0
9.75283 0 0 2 2 0
9.7691 0 0 2 2 0
9.78538 0 0 2 2 0
9.80165 0 0 2 2 0
9.81792 0 0 2 2 0
9.8342 0 0 2 2 0
9.85047 0 0 2 2 0
9.86675 0 0 2 2 0
9.88302 0 0 2 2 0
9.8993 0 0 2 2 0
9.91557 0 0 2 2 0
9.93185 0 0 2 2 0
9.94812 0 0 2 2 0
9.9644 0 0 2 2 0
9.98067 0 0 2 2 0
9.99695 0 0 2 2 0
10.0132 0 0 2 2 0
10.0295 0 0 2 2 0
10.0458 0 0 2 2 0
10.0458 0 0 2 2 0
10.0783 0 0 2 2 0
10.0946 0 0 2 2 0
10.1109 0 0 2 2 0
10.1271 0 0 2 2 0
10.1434 0 0 2 2 0
10.1597 0 0 2 2 0
10.176 0 0 2 2 0
10.1922 0 0 2 2 0
10.2085 0 0 2 2 0
10.2248 0 0 2 2 0
10.2411 0 0 2 2 0
10.2573 0 0 2 2 0
10.2736 0 0 2 2 0
10.2899 0 0 2 2 0
10.3062 0 0 2 2 0
10.3224 0 0 2 2 0
10.3387 0 0 2 2 0
10.355 0 0 2 2 0
10.3713 0 0 2 2 0
10.3875 0 0 2 2 0
10.4038 0 0 2 2 0
10.4201 0 0 2 2 0
10.4364 0 0 2 2 0
10.4526 0 0 2 2 0
10.4689 0 0 2 2 0
10.4852 0 0 2 2 0
10.5015 0 0 2 2 0
10.5177 0 0 2 2 0
10.534 0 0 2 2 0
10.5503 0 0 2 2 0
10.5666 0 0 2 2 0
10.5828 0 0 2 2 0
10.5991 0 0 2 2 0
10.6154 0 0 2 2 0
10.6317 0 0 2 2 0
10.6479 0 0 2 2 0
10.6642 0 0 2 2 0
10.6805 0 0 2 2 0
10.6968 0 0 2 2 0
10.713 0 0 2 2 0
10.7293 0 0 2 2 0
10.7456 0 0 2 2 0
10.7619 0 0 2 2 0
10.7781 0 0 2 2 0
10.7944 0 0 2 2 0
10.8107 0 0 2 2 0
10.827 0 0 2 2 0
10.8432 0 0 2 2 0
10.8595 0 0 2 2 0
10.8758 0 0 2 2 0
10.8921 0 0 2 2 0
10.9083 0 0 2 2 0
10.9246 0 0 2 2 0
10.9409 0 0 2 2 0
10.9572 0 0 2 2 0
10.9734 0 0 2 2 0
10.9897 0 0 2 2 0
11.006 0 0 2 2 0
11.0223 0 0 2 2 0
11.0385 0 0 2 2 0
11.0548 0 0 2 2 0
11.0711 0 0 2 2 0
11.0873 0 0 2 2 0
11.1036 0 0 2 2 0
11.1199 0 0 2 2 0
11.1362 0 0 2 2 0
11.1524 0 0 2 2 0
11.1687 0 0 2 2 0
11.185 0 0 2 2 0
11.2013 0 0 2 2 0
11.2175 0 0 2 2 0
11.2338 0 0 2 2 0
11.2501 0 0 2 2 0
11.2664 0 0 2 2 0
11.2826 0 0 2 2 0
11.2989 0 0 2 2 0
11.3152 0 0 2 2 0
11.3315 0 0 2 2 0
11.3477 0 0 2 2 0
11.364 0 0 2 2 0
11.3803 0 0 2 2 0
11.3966 0 0 2 2 0
11.4128 0 0 2 2 0
11.4291 0 0 2 2 0
11.4454 0 0 2 2 0
11.4617 0 0 2 2 0
11.4779 0 0 2 2 0
11.4942 0 0 2 2 0
11.5105 0 0 2 2 0
11.5268 0 0 2 2 0
11.543 0 0 2 2 0
11.5593 0 0 2 2 0
11.5756 0 0 2 2 0
11.5919 0 0 2 2 0
11.6081 0 0 2 2 0
11.6244 0 0 2 2 0
11.6407 0 0 2 2 0
11.657 0 0 2 2 0
11.6732 0 0 2 2 0
11.6895 0 0 2 2 0
11.7058 0 0 2 2 0
11.7221 0 0 2 2 0
11.7383 0 0 2 2 0
11.7546 0 0 2 2 0
11.7709 0 0 2 2 0
11.7872 0 0 2 2 0
11.8034 0 0 2 2 0
11.8197 0 0 2 2 0
11.836 0 0 2 2 0
11.8523 0 0 2 2 0
11.8685 0 0 2 2 0
11.8848 0 0 2 2 0
11.9011 0 0 2 2 0
11.9174 0 0 2 2 0
11.9336 0 0 2 2 0
11.9499 0 0 2 2 0
11.9662 0 0 2 2 0
11.9825 0 0 2 2 0
11.9987 0 0 2 2 0
12.015 0 0 2 2 0
12.0313 0 0 2 2 0
12.0476 0 0 2 2 0
12.0638 0 0 2 2 0
12.0801 0 0 2 2 0
12.0964 0 0 2 2 0
12.1127 0 0 2 2 0
12.1289 0 0 2 2 0
12.1452 0 0 2 2 0
12.1615 0 0 2 2 0
12.1778 0 0 2 2 0
12.194 0 0 2 2 0
12.2103 0 0 2 2 0
12.2266 0 0 2 2 0
12.2429 0 0 2 2 0
12.2591 0 0 2 2 0
12.2754 0 0 2 2 0
12.2917 0 0 2 2 0
12.3079 0 0 2 2 0
12.3242 0 0 2 2 0
12.3405 0 0 2 2 0
12.3568 0 0 2 2 0
12.373 0 0 2 2 0
12.3893 0 0 2 2 0
12.4056 0 0 2 2 0
12.4219 0 0 2 2 0
12.4381 0 0 2 2 0
12.4544 0 0 2 2 0
12.4707 0 0 2 2 0
12.487 0 0 2 2 0
12.5032 0 0 2 2 0
12.5195 0 0 2 2 0
12.5358 0 0 2 2 0
12.5521 0 0 2 2 0
12.5683 0 0 2 2 0
12.5846 0 0 2 2 0
12.6009 0 0 2 2 0
12.6172 0 0 2 2 0
12.6334 0 0 2 2 0
12.6497 0 0 2 2 0
12.666 0 0 2 2 0
12.6823 0 0 2 2 0
12.6985 0 0 2 2 0
12.7148 0 0 2 2 0
12.7311 0 0 2 2 0
12.7474 0 0 2 2 0
12.7636 0 0 2 2 0
12.7799 0 0 2 2 0
12.7962 0 0 2 2 0
12.8125 0 0 2 2 0
12.8287 0 0 2 2 0
12.845 0 0 2 2 0
12.8613 0 0 2 2 0
12.8776 0 0 2 2 0
12.8938 0 0 2 2 0
12.9101 0 0 2 2 0
12.9264 0 0 2 2 0
12.9427 0 0 2 2 0
12.9589 0 0 2 2 0
12.9752 0 0 2 2 0
12.9915 0 0 2 2 0
13.0078 0 0 2 2 0
13.024 0 0 2 2 0
13.0403 0 0 2 2 0
13.0566 0 0 2 2 0
13.0729 0 0 2 2 0
13.0891 0 0 2 2 0
13.1054 0 0 2 2 0
13.1217 0 0 2 2 0
13.138 0 0 2 2 0
13.1542 0 0 2 2 0
13.1705 0 0 2 2 0
13.1868 0 0 2 2 0
13.2031 0 0 2 2 0
13.2193 0 0 2 2 0
13.2356 0 0 2 2 0
13.2519 0 0 2 2 0
13.2682 0 0 2 2 0
13.2844 0 0 2 2 0
13.3007 0 0 2 2 0
13.3007 0 0 2 2 0
13.3333 0 0 2 2 0
13.3495 0 0 2 2 0
13.3658 0 0 2 2 0
13.3821 0 0 2 2 0
13.3984 0 0 2 2 0
13.4146 0 0 2 2 0
13.4309 0 0 2 2 0
13.4472 0 0 2 2 0
13.4635 0 0 2 2 0
13.4797 0 0 2 2 0
13.496 0 0 2 2 0
13.5123 0 0 2 2 0
13.5285 0 0 2 2 0
13.5448 0 0 2 2 0
13.5611 0 0 2 2 0
13.5774 0 0 2 2 0
13.5936 0 0 2 2 0
13.6099 0 0 2 2 0
13.6262 0 0 2 2 0
13.6425 0 0 2 2 0
13.6587 0 0 2 2 0
13.675 0 0 2 2 0
13.6913 0 0 2 2 0
13.7076 0 0 2 2 0
13.7238 0 0 2 2 0
13.7401 0 0 2 2 0
13.7564 0 0 2 2 0
13.7727 0 0 2 2 0
13.7889 0 0 2 2 0
13.8052 0 0 2 2 0
13.8215 0 0 2 2 0
13.8378 0 0 2 2 0
13.854 0 0 2 2 0
13.8703 0 0 2 2 0
13.8866 0 0 2 2 0
13.9029 0 0 2 2 0
13.9191 0 0 2 2 0
13.9354 0 0 2 2 0
13.9517 0 0 2 2 0
13.968 0 0 2 2 0
13.9842 0 0 2 2 0
14.0005 0 0 2 2 0
14.0168 0 0 2 2 0
14.0331 0 0 2 2 0
14.0493 0 0 2 2 0
14.0656 0 0 2 2 0
14.0819 0 0 2 2 0
14.0982 0 0 2 2 0
14.1144 0 0 2 2 0
14.1307 0 0 2 2 0
14.147 0 0 2 2 0
14.1633 0 0 2 2 0
14.1795 0 0 2 2 0
14.1958 0 0 2 2 0
14.2121 0 0 2 2 0
14.2284 0 0 2 2 0
14.2446 0 0 2 2 0
14.2609 0 0 2 2 0
14.2772 0 0 2 2 0
14.2935 0 0 2 2 0
14.3097 0 0 2 2 0
14.326 0 0 2 2 0
14.3423 0 0 2 2 0
14.3586 0 0 2 2 0
14.3748 0 0 2 2 0
14.3911 0 0 2 2 0
14.4074 0 0 2 2 0
14.4237 0 0 2 2 0
14.4399 0 0 2 2 0
14.4562 0 0 2 2 0
14.4725 0 0 2 2 0
14.4888 0 0 2 2 0
14.505 0 0 2 2 0
14.5213 0 0 2 2 0
14.5376 0 0 2 2 0
14.5539 0 0 2 2 0
14.5701 0 0 2 2 0
14.5864 0 0 2 2 0
14.6027 0 0 2 2 0
14.619 0 0 2 2 0
14.6352 0 0 2 2 0
14.6515 0 0 2 2 0
14.6678 0 0 2 2 0
14.6841 0 0 2 2 0
14.7003 0 0 2 2 0
14.7166 0 0 2 2 0
14.7329 0 0 2 2 0
14.7492 0 0 2 2 0
14.7654 0 0 2 2 0
14.7817 0 0 2 2 0
14.798 0 0 2 2 0
14.8142 0 0 2 2 0
14.8305 0 0 2 2 0
14.8468 0 0 2 2 0
14.8631 0 0 2 2 0
14.8793 0 0 2 2 0
14.8956 0 0 2 2 0
14.9119 0 0 2 2 0
14.9282 0 0 2 2 0
14.9444 0 0 2 2 0
14.9607 0 0 2 2 0
14.977 0 0 2 2 0
14.9933 0 0 2 2 0
15.0095 0 0 2 2 0
15.0258 0 0 2 2 0
15.0421 0 0 2 2 0
15.0584 0 0 2 2 0
15.0746 0 0 2 2 0
15.0909 0 0 2 2 0
15.1072 0 0 2 2 0
15.1235 0 0 2 2 0
15.1397 0 0 2 2 0
15.156 0 0 2 2 0
15.1723 0 0 2 2 0
15.1886 0 0 2 2 0
15.2048 0 0 2 2 0
15.2211 0 0 2 2 0
15.2374 0 0 2 2 0
15.2537 0 0 2 2 0
15.2699 0 0 2 2 0
15.2862 0 0 2 2 0
15.3025 0 0 2 2 0
15.3188 0 0 2 2 0
15.335 0 0 2 2 0
15.3513 0 0 2 2 0
15.3676 0 0 2 2 0
15.3839 0 0 2 2 0
15.4001 0 0 2 2 0
15.4164 0 0 2 2 0
15.4327 0 0 2 2 0
15.449 0 0 2 2 0
15.4652 0 0 2 2 0
15.4815 0 0 2 2 0
15.4978 0 0 2 2 0
15.5141 0 0 2 2 0
15.5303 0 0 2 2 0
15.5466 0 0 2 2 0
15.5629 0 0 2 2 0
15.5792 0 0 2 2 0
15.5954 0 0 2 2 0
15.6117 0 0 2 2 0
15.628 0 0 2 2 0
15.6443 0 0 2 2 0
15.6605 0 0 2 2 0
15.6768 0 0 2 2 0
15.6931 0 0 2 2 0
15.7094 0 0 2 2 0
15.7256 0 0 2 2 0
15.7419 0 0 2 2 0
15.7582 0 0 2 2 0
15.7745 0 0 2 2 0
15.7907 0 0 2 2 0
15.807 0 0 2 2 0
15.8233 0 0 2 2 0
15.8396 0 0 2 2 0
15.8558 0 0 2 2 0
15.8721 0 0 2 2 0
15.8884 0 0 2 2 0
15.9047 0 0 2 2 0
15.9209 0 0 2 2 0
15.9372 0 0 2 2 0
15.9535 0 0 2 2 0
15.9698 0 0 2 2 0
15.986 0 0 2 2 0
16.0023 0 0 2 2 0
16.0186 0 0 2 2 0
16.0348 0 0 2 2 0
16.0511 0 0 2 2 0
16.0674 0 0 2 2 0
16.0837 0 0 2 2 0
16.0999 0 0 2 2 0
16.1162 0 0 2 2 0
16.1325 0 0 2 2 0
16.1488 0 0 2 2 0
16.165 0 0 2 2 0
16.1813 0 0 2 2 0
16.1976 0 0 2 2 0
16.2139 0 0 2 2 0
16.2301 0 0 2 2 0
16.2464 0 0 2 2 0
16.2627 0 0 2 2 0
16.279 0 0 2 2 0
16.2952 0 0 2 2 0
16.3115 0 0 2 2 0
16.3278 0 0 2 2 0
16.3441 0 0 2 2 0
16.3603 0 0 2 2 0
16.3766 0 0 2 2 0
16.3929 0 0 2 2 0
16.4092 0 0 2 2 0
16.4254 0 0 2 2 0
16.4417 0 0 2 2 0
16.458 0 0 2 2 0
16.4743 0 0 2 2 0
16.4905 0 0 2 2 0
16.5068 0 0 2 2 0
16.5231 0 0 2 2 0
16.5394 0 0 2 2 0
16.5556 0 0 2 2 0
15.7419 0 0 2 2 0
15.7745 0 0 2 2 0
15.7907 0 0 2 2 0
15.807 0 0 2 2 0
15.8233 0 0 2 2 0
15.8396 0 0 2 2 0
15.8558 0 0 2 2 0
15.8721 0 0 2 2 0
15.8884 0 0 2 2 0
15.9047 0 0 2 2 0
15.9209 0 0 2 2 0
15.9372 0 0 2 2 0
15.9535 0 0 2 2 0
15.9698 0 0 2 2 0
15.986 0 0 2 2 0
16.0023 0 0 2 2 0
16.0186 0 0 2 2 0
16.0348 0 0 2 2 0
16.0511 0 0 2 2 0
16.0674 0 0 2 2 0
16.0837 0 0 2 2 0
16.0999 0 0 2 2 0
16.1162 0 0 2 2 0
16.1325 0 0 2 2 0
16.1488 0 0 2 2 0
16.165 0 0 2 2 0
16.1813 0 0 2 2 0
16.1976 0 0 2 2 0
16.2139 0 0 2 2 0
16.2301 0 0 2 2 0
16.2464 0 0 2 2 0
16.2627 0 0 2 2 0
16.279 0 0 2 2 0
16.2952 0 0 2 2 0
16.3115 0 0 2 2 0
16.3278 0 0 2 2 0
16.3441 0 0 2 2 0
16.3603 0 0 2 2 0
16.3766 0 0 2 2 0
16.3929 0 0 2 2 0
16.4092 0 0 2 2 0
16.4254 0 0 2 2 0
16.4417 0 0 2 2 0
16.458 0 0 2 2 0
16.4743 0 0 2 2 0
16.4905 0 0 2 2 0
16.5068 0 0 2 2 0
16.5231 0 0 2 2 0
16.5394 0 0 2 2 0
16.5556 0 0 2 2 0
16.5719 0 0 2 2 0
16.5882 0 0 2 2 0
16.6045 0 0 2 2 0
16.6207 0 0 2 2 0
16.637 0 0 2 2 0
16.6533 0 0 2 2 0
16.6696 0 0 2 2 0
16.6858 0 0 2 2 0
16.7021 0 0 2 2 0
16.7184 0 0 2 2 0
16.7347 0 0 2 2 0
16.7509 0 0 2 2 0
16.7672 0 0 2 2 0
16.7835 0 0 2 2 0
16.7998 0 0 2 2 0
16.816 0 0 2 2 0
16.8323 0 0 2 2 0
16.8486 0 0 2 2 0
16.8649 0 0 2 2 0
16.8811 0 0 2 2 0
16.8974 0 0 2 2 0
16.9137 0 0 2 2 0
16.93 0 0 2 2 0
16.9462 0 0 2 2 0
16.9625 0 0 2 2 0
16.9788 0 0 2 2 0
16.9951 0 0 2 2 0
17.0113 0 0 2 2 0
17.0276 0 0 2 2 0
17.0439 0 0 2 2 0
17.0602 0 0 2 2 0
17.0764 0 0 2 2 0
17.0927 0 0 2 2 0
17.109 0 0 2 2 0
17.1253 0 0 2 2 0
17.1415 0 0 2 2 0
17.1578 0 0 2 2 0
17.1741 0 0 2 2 0
17.1904 0 0 2 2 0
17.2066 0 0 2 2 0
17.2229 0 0 2 2 0
17.2392 0 0 2 2 0
17.2554 0 0 2 2 0
17.2717 0 0 2 2 0
17.288 0 0 2 2 0
17.3043 0 0 2 2 0
17.3205 0 0 2 2 0
17.3368 0 0 2 2 0
17.3531 0 0 2 2 0
17.3694 0 0 2 2 0
17.3856 0 0 2 2 0
17.4019 0 0 2 2 0
17.4182 0 0 2 2 0
17.4345 0 0 2 2 0
17.4507 0 0 2 2 0
17.467 0 0 2 2 0
17.4833 0 0 2 2 0
17.4996 0 0 2 2 0
17.5158 0 0 2 2 0
17.5321 0 0 2 2 0
17.5484 0 0 2 2 0
17.5647 0 0 2 2 0
17.5809 0 0 2 2 0
17.5972 0 0 2 2 0
17.6135 0 0 2 2 0
17.6298 0 0 2 2 0
17.646 0 0 2 2 0
17.6623 0 0 2 2 0
17.6786 0 0 2 2 0
17.6949 0 0 2 2 0
17.7111 0 0 2 2 0
17.7274 0 0 2 2 0
17.7437 0 0 2 2 0
17.76 0 0 2 2 0
17.7762 0 0 2 2 0
17.7925 0 0 2 2 0
17.8088 0 0 2 2 0
17.8251 0 0 2 2 0
17.8413 0 0 2 2 0
17.8576 0 0 2 2 0
17.8739 0 0 2 2 0
17.8902 0 0 2 2 0
17.9064 0 0 2 2 0
17.9227 0 0 2 2 0
17.939 0 0 2 2 0
17.9553 0 0 2 2 0
17.9715 0 0 2 2 0
17.9878 0 0 2 2 0
18.0041 0 0 2 2 0
18.0204 0 0 2 2 0
18.0366 0 0 2 2 0
18.0529 0 0 2 2 0
18.0692 0 0 2 2 0
18.0855 0 0 2 2 0
18.1017 0 0 2 2 0
18.118 0 0 2 2 0
18.1343 0 0 2 2 0
18.1506 0 0 2 2 0
18.1668 0 0 2 2 0
18.1831 0 0 2 2 0
18.1994 0 0 2 2 0
18.2157 0 0 2 2 0
18.2319 0 0 2 2 0
18.2482 0 0 2 2 0
18.2645 0 0 2 2 0
18.2808 0 0 2 2 0
18.297 0 0 2 2 0
18.3133 0 0 2 2 0
18.3296 0 0 2 2 0
18.3459 0 0 2 2 0
18.3621 0 0 2 2 0
18.3784 0 0 2 2 0
18.3947 0 0 2 2 0
18.411 0 0 2 2 0
18.4272 0 0 2 2 0
18.4435 0 0 2 2 0
18.4598 0 0 2 2 0
18.476 0 0 2 2 0
18.4923 0 0 2 2 0
18.5086 0 0 2 2 0
18.5249 0 0 2 2 0
18.5411 0 0 2 2 0
18.5574 0 0 2 2 0
18.5737 0 0 2 2 0
18.59 0 0 2 2 0
18.6062 0 0 2 2 0
18.6225 0 0 2 2 0
18.6388 0 0 2 2 0
18.6551 0 0 2 2 0
18.6713 0 0 2 2 0
18.6876 0 0 2 2 0
18.7039 0 0 2 2 0
18.7202 0 0 2 2 0
18.7364 0 0 2 2 0
18.7527 0 0 2 2 0
18.769 0 0 2 2 0
18.7853 0 0 2 2 0
18.8015 0 0 2 2 0
18.8178 0 0 2 2 0
18.8341 0 0 2 2 0
18.8504 0 0 2 2 0
18.8666 0 0 2 2 0
18.8829 0 0 2 2 0
18.8992 0 0 2 2 0
18.9155 0 0 2 2 0
18.9317 0 0 2 2 0
18.948 0 0 2 2 0
18.9643 0 0 2 2 0
18.9806 0 0 2 2 0
18.9968 0 0 2 2 0
16.5556 0 0 2 2 0
16.5882 0 0 2 2 0
16.6045 0 0 2 2 0
16.6207 0 0 2 2 0
16.637 0 0 2 2 0
16.6533 0 0 2 2 0
16.6696 0 0 2 2 0
16.6858 0 0 2 2 0
16.7021 0 0 2 2 0
16.7184 0 0 2 2 0
16.7347 0 0 2 2 0
16.7509 0 0 2 2 0
16.7672 0 0 2 2 0
16.7835 0 0 2 2 0
16.7998 0 0 2 2 0
16.816 0 0 2 2 0
16.8323 0 0 2 2 0
16.8486 0 0 2 2 0
16.8649 0 0 2 2 0
16.8811 0 0 2 2 0
16.8974 0 0 2 2 0
16.9137 0 0 2 2 0
16.93 0 0 2 2 0
16.9462 0 0 2 2 0
16.9625 0 0 2 2 0
16.9788 0 0 2 2 0
16.9951 0 0 2 2 0
17.0113 0 0 2 2 0
17.0276 0 0 2 2 0
17.0439 0 0 2 2 0
17.0602 0 0 2 2 0
17.0764 0 0 2 2 0
17.0927 0 0 2 2 0
17.109 0 0 2 2 0
17.1253 0 0 2 2 0
17.1415 0 0 2 2 0
17.1578 0 0 2 2 0
17.1741 0 0 2 2 0
17.1904 0 0 2 2 0
17.2066 0 0 2 2 0
17.2229 0 0 2 2 0
17.2392 0 0 2 2 0
17.2554 0 0 2 2 0
17.2717 0 0 2 2 0
17.288 0 0 2 2 0
17.3043 0 0 2 2 0
17.3205 0 0 2 2 0
17.3368 0 0 2 2 0
17.3531 0 0 2 2 0
17.3694 0 0 2 2 0
17.3856 0 0 2 2 0
17.4019 0 0 2 2 0
17.4182 0 0 2 2 0
17.4345 0 0 2 2 0
17.4507 0 0 2 2 0
17.467 0 0 2 2 0
17.4833 0 0 2 2 0
17.4996 0 0 2 2 0
17.5158 0 0 2 2 0
17.5321 0 0 2 2 0
17.5484 0 0 2 2 0
17.5647 0 0 2 2 0
17.5809 0 0 2 2 0
17.5972 0 0 2 2 0
17.6135 0 0 2 2 0
17.6298 0 0 2 2 0
17.646 0 0 2 2 0
17.6623 0 0 2 2 0
17.6786 0 0 2 2 0
17.6949 0 0 2 2 0
17.7111 0 0 2 2 0
17.7274 0 0 2 2 0
17.7437 0 0 2 2 0
17.76 0 0 2 2 0
17.7762 0 0 2 2 0
17.7925 0 0 2 2 0
17.8088 0 0 2 2 0
17.8251 0 0 2 2 0
17.8413 0 0 2 2 0
17.8576 0 0 2 2 0
17.8739 0 0 2 2 0
17.8902 0 0 2 2 0
17.9064 0 0 2 2 0
17.9227 0 0 2 2 0
17.939 0 0 2 2 0
17.9553 0 0 2 2 0
17.9715 0 0 2 2 0
17.9878 0 0 2 2 0
18.0041 0 0 2 2 0
18.0204 0 0 2 2 0
18.0366 0 0 2 2 0
18.0529 0 0 2 2 0
18.0692 0 0 2 2 0
18.0855 0 0 2 2 0
18.1017 0 0 2 2 0
18.118 0 0 2 2 0
18.1343 0 0 2 2 0
18.1506 0 0 2 2 0
18.1668 0 0 2 2 0
18.1831 0 0 2 2 0
18.1994 0 0 2 2 0
18.2157 0 0 2 2 0
18.2319 0 0 2 2 0
18.2482 0 0 2 2 0
18.2645 0 0 2 2 0
18.2808 0 0 2 2 0
18.297 0 0 2 2 0
18.3133 0 0 2 2 0
18.3296 0 0 2 2 0
18.3459 0 0 2 2 0
18.3621 0 0 2 2 0
18.3784 0 0 2 2 0
18.3947 0 0 2 2 0
18.411 0 0 2 2 0
18.4272 0 0 2 2 0
18.4435 0 0 2 2 0
18.4598 0 0 2 2 0
18.476 0 0 2 2 0
18.4923 0 0 2 2 0
18.5086 0 0 2 2 0
18.5249 0 0 2 2 0
18.5411 0 0 2 2 0
18.5574 0 0 2 2 0
18.5737 0 0 2 2 0
18.59 0 0 2 2 0
18.6062 0 0 2 2 0
18.6225 0 0 2 2 0
18.6388 0 0 2 2 0
18.6551 0 0 2 2 0
18.6713 0 0 2 2 0
18.6876 0 0 2 2 0
18.7039 0 0 2 2 0
18.7202 0 0 2 2 0
18.7364 0 0 2 2 0
18.7527 0 0 2 2 0
18.769 0 0 2 2 0
18.7853 0 0 2 2 0
18.8015 0 0 2 2 0
18.8178 0 0 2 2 0
18.8341 0 0 2 2 0
18.8504 0 0 2 2 0
18.8666 0 0 2 2 0
18.8829 0 0 2 2 0
18.8992 0 0 2 2 0
18.9155 0 0 2 2 0
18.9317 0 0 2 2 0
18.948 0 0 2 2 0
18.9643 0 0 2 2 0
18.9806 0 0 2 2 0
18.9968 0 0 2 2 0
19.0131 0 0 2 2 0
19.0294 0 0 2 2 0
19.0457 0 0 2 2 0
19.0619 0 0 2 2 0
19.0782 0 0 2 2 0
19.0945 0 0 2 2 0
19.1108 0 0 2 2 0
19.127 0 0 2 2 0
19.1433 0 0 2 2 0
19.1596 0 0 2 2 0
19.1759 0 0 2 2 0
19.1921 0 0 2 2 0
19.2084 0 0 2 2 0
19.2247 0 0 2 2 0
19.241 0 0 2 2 0
19.2572 0 0 2 2 0
19.2735 0 0 2 2 0
19.2898 0 0 2 2 0
19.3061 0 0 2 2 0
19.3223 0 0 2 2 0
19.3386 0 0 2 2 0
19.3549 0 0 2 2 0
19.3712 0 0 2 2 0
19.3874 0 0 2 2 0
19.4037 0 0 2 2 0
19.42 0 0 2 2 0
19.4363 0 0 2 2 0
19.4525 0 0 2 2 0
19.4688 0 0 2 2 0
19.4851 0 0 2 2 0
19.5014 0 0 2 2 0
19.5176 0 0 2 2 0
19.5339 0 0 2 2 0
19.5502 0 0 2 2 0
19.5665 0 0 2 2 0
19.5827 0 0 2 2 0
19.599 0 0 2 2 0
19.6153 0 0 2 2 0
19.6316 0 0 2 2 0
19.6478 0 0 2 2 0
19.6641 0 0 2 2 0
19.6804 0 0 2 2 0
19.6967 0 0 2 2 0
19.7129 0 0 2 2 0
19.7292 0 0 2 2 0
19.7455 0 0 2 2 0
19.7617 0 0 2 2 0
19.778 0 0 2 2 0
19.7943 0 0 2 2 0
19.8106 0 0 2 2 0
17.1315 6.04197 6.04197 2 1 0
17.1315 6.04197 6.04197 2 1 0
17.3099 6.37143 4.29536 4 5 0
17.3297 6.37601 4.29479 3 5 0
17.3495 6.38059 4.29423 3 5 0
17.3693 6.38534 4.29435 3 5 0
17.3892 6.3899 4.29379 3 5 0
17.409 6.39445 4.29324 3 5 0
17.4288 6.39889 4.29233 3 5 0
17.4486 6.40342 4.29179 3 5 0
17.4685 6.40794 4.29125 3 5 0
17.4883 6.4125 4.29061 3 5 0
17.5081 6.41701 4.29009 3 5 0
17.5279 6.4215 4.28957 3 5 0
17.5478 6.42595 4.28898 3 5 0
17.5676 6.43042 4.28847 3 5 0
17.5874 6.43489 4.28796 3 5 0
17.6072 6.43936 4.28744 3 5 0
17.6271 6.44381 4.28694 3 5 0
17.6469 6.44825 4.28645 3 5 0
17.6667 6.45266 4.28595 3 5 0
17.6866 6.45709 4.28546 3 5 0
17.7064 6.46151 4.28499 3 5 0
17.7262 6.46591 4.28451 3 5 0
17.7461 6.47031 4.28404 3 5 0
17.7659 6.4747 4.28358 3 5 0
17.7857 6.47907 4.28311 3 5 0
17.8056 6.48345 4.28266 3 5 0
17.8254 6.48782 4.2822 3 5 0
17.8452 6.49217 4.28176 3 5 0
17.8651 6.49652 4.28132 3 5 0
17.8849 6.50086 4.28088 3 5 0
17.9047 6.50519 4.28044 3 5 0
17.9246 6.50952 4.28001 3 5 0
17.9444 6.51384 4.27958 3 5 0
17.9642 6.51814 4.27917 3 5 0
17.9841 6.52244 4.27875 3 5 0
18.0039 6.52674 4.27833 3 5 0
18.0238 6.53102 4.27792 3 5 0
18.0436 6.5353 4.27752 3 5 0
18.0634 6.53958 4.27711 3 5 0
18.0833 6.54383 4.27672 3 5 0
18.1031 6.54809 4.27632 3 5 0
18.123 6.55235 4.27593 3 5 0
18.1428 6.55658 4.27555 3 5 0
18.1627 6.56082 4.27516 3 5 0
18.1825 6.56505 4.27478 3 5 0
18.2023 6.56926 4.27441 3 5 0
18.2222 6.57347 4.27403 3 5 0
18.242 6.57769 4.27366 3 5 0
18.2619 6.58187 4.2733 3 5 0
18.2817 6.58607 4.27294 3 5 0
18.3016 6.59026 4.27258 3 5 0
18.3214 6.59442 4.27223 3 5 0
18.3413 6.5986 4.27188 3 5 0
18.3611 6.60277 4.27153 3 5 0
18.381 6.60691 4.27119 3 5 0
18.4008 6.61106 4.27084 3 5 0
18.4207 6.61521 4.2705 3 5 0
18.4405 6.61933 4.27017 3 5 0
18.4604 6.62347 4.26984 3 5 0
18.4802 6.6276 4.26951 3 5 0
18.5001 6.6317 4.26919 3 5 0
18.5199 6.63581 4.26887 3 5 0
18.5398 6.63992 4.26855 3 5 0
18.5596 6.644 4.26824 3 5 0
18.5795 6.6481 4.26792 3 5 0
18.5993 6.65218 4.26761 3 5 0
18.6192 6.65625 4.26731 3 5 0
18.639 6.66032 4.26701 3 5 0
18.6589 6.66439 4.26671 3 5 0
18.6787 6.66843 4.26641 3 5 0
18.6986 6.67249 4.26612 3 5 0
18.7185 6.67653 4.26583 3 5 0
18.7383 6.68056 4.26554 3 5 0
18.7582 6.68459 4.26526 3 5 0
18.778 6.68862 4.26497 3 5 0
18.7979 6.69263 4.2647 3 5 0
18.8177 6.69664 4.26442 3 5 0
18.8376 6.70066 4.26414 3 5 0
18.8575 6.70464 4.26388 3 5 0
18.8773 6.70864 4.26361 3 5 0
18.8972 6.71263 4.26334 3 5 0
18.917 6.7166 4.26309 3 5 0
18.9369 6.72058 4.26282 3 5 0
18.9568 6.72455 4.26256 3 5 0
18.9766 6.7285 4.26232 3 5 0
18.9965 6.73246 4.26206 3 5 0
19.0163 6.73642 4.26181 3 5 0
19.0362 6.74035 4.26157 3 5 0
19.0561 6.74429 4.26132 3 5 0
19.0759 6.74823 4.26108 3 5 0
19.0958 6.75214 4.26085 3 5 0
19.1157 6.75607 4.26061 3 5 0
19.1355 6.75999 4.26037 3 5 0
19.1554 6.76388 4.26015 3 5 0
19.1753 6.76779 4.25992 3 5 0
19.1951 6.7717 4.25969 3 5 0
19.215 6.77557 4.25947 3 5 0
19.2349 6.77947 4.25925 3 5 0
19.2547 6.78335 4.25903 3 5 0
19.2746 6.78721 4.25882 3 5 0
19.2945 6.79109 4.2586 3 5 0
19.3143 6.79496 4.25839 3 5 0
19.3342 6.7988 4.25818 3 5 0
19.3541 6.80266 4.25797 3 5 0
19.3739 6.80651 4.25777 3 5 0
19.3938 6.81033 4.25757 3 5 0
19.4137 6.81418 4.25737 3 5 0
19.4335 6.81801 4.25717 3 5 0
19.4534 6.82182 4.25698 3 5 0
19.4733 6.82565 4.25678 3 5 0
19.4931 6.82947 4.25659 3 5 0
19.513 6.83326 4.2564 3 5 0
19.5329 6.83707 4.25622 3 5 0
19.5528 6.84087 4.25603 3 5 0
19.5726 6.84465 4.25585 3 5 0
19.5925 6.84844 4.25567 3 5 0
19.6124 6.85223 4.25549 3 5 0
19.6322 6.85599 4.25532 3 5 0
19.6521 6.85976 4.25514 3 5 0
19.672 6.86354 4.25497 3 5 0
19.6919 6.86728 4.2548 3 5 0
19.7117 6.87104 4.25463 3 5 0
19.7316 6.8748 4.25447 3 5 0
19.7515 6.87852 4.25431 3 5 0
19.7714 6.88227 4.25414 3 5 0
19.7912 6.88601 4.25398 3 5 0
19.8111 6.88972 4.25383 3 5 0
19.831 6.89345 4.25367 3 5 0
19.8509 6.89718 4.25352 3 5 0
19.8707 6.90088 4.25337 3 5 0
19.8906 6.90459 4.25322 3 5 0
19.9105 6.9083 4.25307 3 5 0
19.9304 6.91198 4.25292 3 5 0
19.9502 6.91568 4.25278 3 5 0
19.9701 6.91938 4.25263 3 5 0
19.99 6.92304 4.2525 3 5 0
20.0099 6.92673 4.25236 3 5 0
20.0298 6.93041 4.25222 3 5 0
20.0496 6.93406 4.25209 3 5 0
20.0695 6.93773 4.25195 3 5 0
20.0894 6.9414 4.25182 3 5 0
20.1093 6.94503 4.25169 3 5 0
20.1292 6.94869 4.25156 3 5 0
20.149 6.95234 4.25143 3 5 0
20.1689 6.95596 4.25131 3 5 0
20.1888 6.9596 4.25118 3 5 0
20.2087 6.96324 4.25106 3 5 0
20.2286 6.96685 4.25094 3 5 0
20.2484 6.97047 4.25082 3 5 0
20.2683 6.9741 4.2507 3 5 0
20.2882 6.97769 4.25059 3 5 0
20.3081 6.9813 4.25047 3 5 0
20.328 6.98491 4.25036 3 5 0
20.3479 6.98848 4.25025 3 5 0
20.3677 6.99208 4.25014 3 5 0
20.3876 6.99568 4.25003 3 5 0
20.4075 6.99923 4.24991 3 5 0
20.4274 7.00282 4.24981 3 5 0
20.4473 7.0064 4.2497 3 5 0
20.4672 7.00993 4.24957 3 5 0
20.4871 7.0135 4.24947 3 5 0
20.5069 7.01707 4.24937 3 5 0
20.5268 7.0206 4.24927 3 5 0
20.5467 7.02416 4.24917 3 5 0
20.5666 7.02771 4.24908 3 5 0
20.5865 7.03127 4.2491 3 5 0
20.6064 7.03481 4.24901 3 5 0
20.6263 7.03835 4.24892 3 5 0
20.6461 7.04188 4.24888 3 5 0
20.666 7.04541 4.24879 3 5 0
20.6859 7.04894 4.24871 3 5 0
20.7058 7.05246 4.2487 3 5 0
20.7257 7.05598 4.24862 3 5 0
20.7456 7.0595 4.24854 3 5 0
20.7655 7.06299 4.2485 3 5 0
20.7854 7.0665 4.24842 3 5 0
20.8052 7.07 4.24835 3 5 0
20.8251 7.07348 4.24832 3 5 0
20.845 7.07698 4.24824 3 5 0
20.8649 7.08047 4.24817 3 5 0
20.8848 7.08393 4.24814 3 5 0
20.9047 7.08741 4.24807 3 5 0
20.9246 7.09089 4.248 3 5 0
20.9445 7.09434 4.24798 3 5 0
20.9644 7.09781 4.24791 3 5 0
20.9843 7.10127 4.24785 3 5 0
21.0042 7.10471 4.24783 3 5 0
21.024 7.10817 4.24777 3 5 0
21.0439 7.11162 4.24771 3 5 0
21.0638 7.11504 4.2477 3 5 0
21.0837 7.11849 4.24764 3 5 0
21.1036 7.12193 4.24758 3 5 0
21.1235 7.12533 4.24758 3 5 0
21.1434 7.12877 4.24753 3 5 0
21.1633 7.13219 4.24747 3 5 0
21.1832 7.13559 4.24748 3 5 0
21.2031 7.13901 4.24743 3 5 0
21.223 7.14242 4.24738 3 5 0
21.2429 7.1458 4.2474 3 5 0
21.2628 7.14921 4.24735 3 5 0
17.9716 5.14535 5.14535 2 1 0
18.0116 5.14724 5.14724 2 1 0
18.0316 5.14818 5.14818 2 1 0
18.0515 5.14912 5.14912 2 1 0
18.0715 5.15007 5.15007 2 1 0
18.0915 5.15101 5.15101 2 1 0
18.1115 5.15195 5.15195 2 1 0
18.1314 5.15288 5.15288 2 1 0
18.1514 5.15382 5.15382 2 1 0
18.1714 5.15476 5.15476 2 1 0
18.1914 5.15569 5.15569 2 1 0
18.2114 5.15663 5.15663 2 1 0
18.2313 5.15756 5.15756 2 1 0
18.2513 5.15849 5.15849 2 1 0
18.2713 5.15943 5.15943 2 1 0
18.2913 5.16036 5.16036 2 1 0
18.3112 5.16129 5.16129 2 1 0
18.3312 5.16221 5.16221 2 1 0
18.3512 5.16314 5.16314 2 1 0
18.3712 5.16407 5.16407 2 1 0
18.3912 5.16499 5.16499 2 1 0
18.4111 5.16592 5.16592 2 1 0
18.4311 5.16684 5.16684 2 1 0
18.4511 5.16777 5.16777 2 1 0
18.4711 5.16869 5.16869 2 1 0
18.4911 5.16961 5.16961 2 1 0
18.511 5.17053 5.17053 2 1 0
18.531 5.17145 5.17145 2 1 0
18.551 5.17236 5.17236 2 1 0
18.571 5.17328 5.17328 2 1 0
18.5909 5.1742 5.1742 2 1 0
18.6109 5.17511 5.17511 2 1 0
18.6309 5.17602 5.17602 2 1 0
18.6509 5.17694 5.17694 2 1 0
18.6709 5.17785 5.17785 2 1 0
18.6908 5.17876 5.17876 2 1 0
18.7108 5.17967 5.17967 2 1 0
18.7308 5.18058 5.18058 2 1 0
18.7508 5.18149 5.18149 2 1 0
18.7708 5.18239 5.18239 2 1 0
18.7907 5.1833 5.1833 2 1 0
18.8107 5.18421 5.18421 2 1 0
18.8307 5.18511 5.18511 2 1 0
18.8507 5.18601 5.18601 2 1 0
18.8707 5.18692 5.18692 2 1 0
18.8906 5.18782 5.18782 2 1 0
18.9106 5.18872 5.18872 2 1 0
18.9306 5.18962 5.18962 2 1 0
18.9506 5.19051 5.19051 2 1 0
18.9706 5.19141 5.19141 2 1 0
18.9905 5.19231 5.19231 2 1 0
19.0105 5.1932 5.1932 2 1 0
19.0305 5.1941 5.1941 2 1 0
19.0505 5.19499 5.19499 2 1 0
19.0705 5.19589 5.19589 2 1 0
19.0904 5.19678 5.19678 2 1 0
19.1104 5.19767 5.19767 2 1 0
19.1304 5.19856 5.19856 2 1 0
19.1504 5.19945 5.19945 2 1 0
19.1704 5.20034 5.20034 2 1 0
19.1903 5.20123 5.20123 2 1 0
19.2103 5.20211 5.20211 2 1 0
19.2303 5.203 5.203 2 1 0
19.2503 5.20388 5.20388 2 1 0
19.2703 5.20477 5.20477 2 1 0
19.2902 5.20565 5.20565 2 1 0
19.3102 5.20653 5.20653 2 1 0
19.3302 5.20741 5.20741 2 1 0
19.3502 5.20829 5.20829 2 1 0
19.3702 5.20917 5.20917 2 1 0
19.3901 5.21005 5.21005 2 1 0
19.4101 5.21093 5.21093 2 1 0
19.4301 5.2118 5.2118 2 1 0
19.4501 5.21268 5.21268 2 1 0
19.4701 5.21355 5.21355 2 1 0
19.49 5.21443 5.21443 2 1 0
19.51 5.2153 5.2153 2 1 0
19.53 5.21617 5.21617 2 1 0
19.55 5.21705 5.21705 2 1 0
19.57 5.21792 5.21792 2 1 0
19.59 5.21879 5.21879 2 1 0
19.6099 5.21965 5.21965 2 1 0
19.6299 5.22052 5.22052 2 1 0
19.6499 5.22139 5.22139 2 1 0
19.6699 5.22226 5.22226 2 1 0
19.6899 5.22312 5.22312 2 1 0
19.7098 5.22398 5.22398 2 1 0
19.7298 5.22485 5.22485 2 1 0
19.7498 5.22571 5.22571 2 1 0
19.7698 5.22657 5.22657 2 1 0
19.7898 5.22743 5.22743 2 1 0
19.8097 5.22829 5.22829 2 1 0
19.8297 5.22915 5.22915 2 1 0
19.8497 5.23001 5.23001 2 1 0
19.8697 5.23087 5.23087 2 1 0
19.8897 5.23173 5.23173 2 1 0
19.9097 5.23258 5.23258 2 1 0
19.9296 5.23344 5.23344 2 1 0
19.9496 5.23429 5.23429 2 1 0
19.9696 5.23514 5.23514 2 1 0
19.9896 5.236 5.236 2 1 0
20.0096 5.23685 5.23685 2 1 0
20.0295 5.2377 5.2377 2 1 0
20.0495 5.23855 5.23855 2 1 0
20.0695 5.2394 5.2394 2 1 0
20.0895 5.24024 5.24024 2 1 0
20.1095 5.24109 5.24109 2 1 0
20.1295 5.24194 5.24194 2 1 0
20.1494 5.24278 5.24278 2 1 0
20.1694 5.24363 5.24363 2 1 0
20.1894 5.24447 5.24447 2 1 0
20.2094 5.24532 5.24532 2 1 0
20.2294 5.24616 5.24616 2 1 0
20.2493 5.247 5.247 2 1 0
20.2693 5.24784 5.24784 2 1 0
20.2893 5.24868 5.24868 2 1 0
20.3093 5.24952 5.24952 2 1 0
20.3293 5.25036 5.25036 2 1 0
20.3493 5.2512 5.2512 2 1 0
20.3692 5.25203 5.25203 2 1 0
20.3892 5.25287 5.25287 2 1 0
20.4092 5.2537 5.2537 2 1 0
20.4292 5.25454 5.25454 2 1 0
20.4492 5.25537 5.25537 2 1 0
20.4692 5.2562 5.2562 2 1 0
20.4891 5.25704 5.25704 2 1 0
20.5091 5.25787 5.25787 2 1 0
20.5291 5.2587 5.2587 2 1 0
20.5491 5.25953 5.25953 2 1 0
20.5691 5.26036 5.26036 2 1 0
20.5891 5.26118 5.26118 2 1 0
20.609 5.26201 5.26201 2 1 0
20.629 5.26284 5.26284 2 1 0
20.649 5.26366 5.26366 2 1 0
20.669 5.26449 5.26449 2 1 0
20.689 5.26531 5.26531 2 1 0
20.709 5.26613 5.26613 2 1 0
20.7289 5.26696 5.26696 2 1 0
20.7489 5.26778 5.26778 2 1 0
20.7689 5.2686 5.2686 2 1 0
20.7889 5.26942 5.26942 2 1 0
20.8089 5.27024 5.27024 2 1 0
20.8288 5.27106 5.27106 2 1 0
20.8488 5.27188 5.27188 2 1 0
20.8688 5.27269 5.27269 2 1 0
20.8888 5.27351 5.27351 2 1 0
20.9088 5.27432 5.27432 2 1 0
20.9288 5.27514 5.27514 2 1 0
20.9487 5.27595 5.27595 2 1 0
20.9687 5.27677 5.27677 2 1 0
20.9887 5.27758 5.27758 2 1 0
21.0087 5.27839 5.27839 2 1 0
21.0287 5.2792 5.2792 2 1 0
21.0487 5.28001 5.28001 2 1 0
21.0687 5.28082 5.28082 2 1 0
21.0886 5.28163 5.28163 2 1 0
21.1086 5.28244 5.28244 2 1 0
21.1286 5.28324 5.28324 2 1 0
21.1486 5.28405 5.28405 2 1 0
21.1686 5.28485 5.28485 2 1 0
21.1886 5.28566 5.28566 2 1 0
21.2085 5.28646 5.28646 2 1 0
21.2285 5.28727 5.28727 2 1 0
21.2485 5.28807 5.28807 2 1 0
21.2685 5.28887 5.28887 2 1 0
21.2885 5.28967 5.28967 2 1 0
21.3085 5.29047 5.29047 2 1 0
21.3284 5.29127 5.29127 2 1 0
21.3484 5.29207 5.29207 2 1 0
21.3684 5.29287 5.29287 2 1 0
21.3884 5.29367 5.29367 2 1 0
21.4084 5.29446 5.29446 2 1 0
21.4284 5.29526 5.29526 2 1 0
21.4483 5.29605 5.29605 2 1 0
21.4683 5.29685 5.29685 2 1 0
21.4883 5.29764 5.29764 2 1 0
21.5083 5.29843 5.29843 2 1 0
21.5283 5.29923 5.29923 2 1 0
21.5483 5.30002 5.30002 2 1 0
21.5683 5.30081 5.30081 2 1 0
21.5882 5.3016 5.3016 2 1 0
21.6082 5.30239 5.30239 2 1 0
21.6282 5.30318 5.30318 2 1 0
21.6482 5.30396 5.30396 2 1 0
21.6682 5.30475 5.30475 2 1 0
21.6882 5.30554 5.30554 2 1 0
21.7081 5.30632 5.30632 2 1 0
21.7281 5.30711 5.30711 2 1 0
21.7481 5.30789 5.30789 2 1 0
21.7681 5.30868 5.30868 2 1 0
21.7881 5.30946 5.30946 2 1 0
21.8081 5.31024 5.31024 2 1 0
21.8281 5.31102 5.31102 2 1 0
21.848 5.3118 5.3118 2 1 0
21.868 5.31258 5.31258 2 1 0
21.888 5.31336 5.31336 2 1 0
21.908 5.31414 5.31414 2 1 0
21.928 5.31492 5.31492 2 1 0
21.948 5.3157 5.3157 2 1 0
21.9679 5.31647 5.31647 2 1 0
