2 1.59375 1.59375 2 1 0
2.0351 1.57659 1.57659 1 1 0
2.05272 1.56813 1.56813 1 1 0
2.07039 1.55974 1.55974 1 1 0
2.0881 1.55144 1.55144 1 1 0
2.10586 1.54322 1.54322 1 1 0
2.12367 1.53507 1.53507 1 1 0
2.14152 1.527 1.527 1 1 0
2.15941 1.519 1.519 1 1 0
2.17734 1.51108 1.51108 1 1 0
2.19532 1.50324 1.50324 1 1 0
2.21333 1.49547 1.49547 1 1 0
2.23139 1.48777 1.48777 1 1 0
2.24948 1.48015 1.48015 1 1 0
2.26761 1.47259 1.47259 1 1 0
2.28578 1.46511 1.46511 1 1 0
2.30398 1.4577 1.4577 1 1 0
2.32222 1.45036 1.45036 1 1 0
2.34049 1.44309 1.44309 1 1 0
2.3588 1.43588 1.43588 1 1 0
2.37714 1.42875 1.42875 1 1 0
2.39551 1.42168 1.42168 1 1 0
2.41391 1.41468 1.41468 1 1 0
2.43235 1.40774 1.40774 1 1 0
2.45081 1.40087 1.40087 1 1 0
2.46931 1.39406 1.39406 1 1 0
2.48783 1.38732 1.38732 1 1 0
2.50639 1.38063 1.38063 1 1 0
2.52497 1.37402 1.37402 1 1 0
2.54358 1.36746 1.36746 1 1 0
2.56221 1.36096 1.36096 1 1 0
2.58087 1.35453 1.35453 1 1 0
2.59956 1.34815 1.34815 1 1 0
2.61827 1.34183 1.34183 1 1 0
2.63701 1.33558 1.33558 1 1 0
2.65577 1.32938 1.32938 1 1 0
2.67455 1.32323 1.32323 1 1 0
2.69336 1.31714 1.31714 1 1 0
2.71219 1.31111 1.31111 1 1 0
2.73104 1.30513 1.30513 1 1 0
2.74991 1.29921 1.29921 1 1 0
2.7688 1.29334 1.29334 1 1 0
2.78772 1.28753 1.28753 1 1 0
2.80665 1.28177 1.28177 1 1 0
2.8256 1.27605 1.27605 1 1 0
2.84458 1.2704 1.2704 1 1 0
2.86357 1.26479 1.26479 1 1 0
2.88258 1.25923 1.25923 1 1 0
2.90161 1.25372 1.25372 1 1 0
2.92065 1.24826 1.24826 1 1 0
2.93972 1.24285 1.24285 1 1 0
2.9588 1.23749 1.23749 1 1 0
2.97789 1.23217 1.23217 1 1 0
2.99701 1.2269 1.2269 1 1 0
3.01613 1.22168 1.22168 1 1 0
3.03528 1.2165 1.2165 1 1 0
3.05444 1.21137 1.21137 1 1 0
3.07361 1.20629 1.20629 1 1 0
3.0928 1.20124 1.20124 1 1 0
3.112 1.19625 1.19625 1 1 0
3.13122 1.19129 1.19129 1 1 0
3.15045 1.18638 1.18638 1 1 0
3.1697 1.18151 1.18151 1 1 0
3.18896 1.17668 1.17668 1 1 0
3.20823 1.17189 1.17189 1 1 0
3.22751 1.16714 1.16714 1 1 0
3.2468 1.16244 1.16244 1 1 0
3.26611 1.15777 1.15777 1 1 0
3.28543 1.15314 1.15314 1 1 0
3.30476 1.14855 1.14855 1 1 0
3.3241 1.144 1.144 1 1 0
3.34346 1.13949 1.13949 1 1 0
3.36282 1.13501 1.13501 1 1 0
3.3822 1.13058 1.13058 1 1 0
3.40158 1.12617 1.12617 1 1 0
3.42098 1.12181 1.12181 1 1 0
3.44038 1.11748 1.11748 1 1 0
3.4598 1.11319 1.11319 1 1 0
3.47922 1.10893 1.10893 1 1 0
3.49866 1.1047 1.1047 1 1 0
3.5181 1.10051 1.10051 1 1 0
3.53755 1.09636 1.09636 1 1 0
3.55702 1.09224 1.09224 1 1 0
3.57649 1.08815 1.08815 1 1 0
3.59596 1.08409 1.08409 1 1 0
3.61545 1.08007 1.08007 1 1 0
3.63495 1.07607 1.07607 1 1 0
3.65445 1.07211 1.07211 1 1 0
3.67396 1.06818 1.06818 1 1 0
3.69348 1.06428 1.06428 1 1 0
3.71301 1.06042 1.06042 1 1 0
3.73254 1.05658 1.05658 1 1 0
3.75208 1.05277 1.05277 1 1 0
3.77163 1.04899 1.04899 1 1 0
3.79119 1.04524 1.04524 1 1 0
3.81075 1.04152 1.04152 1 1 0
3.83032 1.03783 1.03783 1 1 0
3.8499 1.03416 1.03416 1 1 0
3.86948 1.03053 1.03053 1 1 0
3.88907 1.02692 1.02692 1 1 0
3.90866 1.02334 1.02334 1 1 0
3.92827 1.01978 1.01978 1 1 0
3.94787 1.01626 1.01626 1 1 0
3.96749 1.01276 1.01276 1 1 0
3.9871 1.00928 1.00928 1 1 0
4.00673 1.00583 1.00583 1 1 0
4.02636 1.00241 1.00241 1 1 0
4.046 0.999011 0.999011 1 1 0
4.06564 0.995638 0.995638 1 1 0
4.08528 0.99229 0.99229 1 1 0
4.10494 0.988966 0.988966 1 1 0
4.12459 0.985667 0.985667 1 1 0
4.14425 0.982391 0.982391 1 1 0
4.16392 0.979139 0.979139 1 1 0
4.18359 0.975911 0.975911 1 1 0
4.20327 0.972705 0.972705 1 1 0
4.22295 0.969523 0.969523 1 1 0
4.24264 0.966363 0.966363 1 1 0
4.26233 0.963226 0.963226 1 1 0
4.28202 0.960111 0.960111 1 1 0
4.30172 0.957019 0.957019 1 1 0
4.32142 0.953948 0.953948 1 1 0
4.34113 0.950898 0.950898 1 1 0
4.36084 0.94787 0.94787 1 1 0
4.38056 0.944863 0.944863 1 1 0
4.40028 0.941877 0.941877 1 1 0
4.42 0.938911 0.938911 1 1 0
4.43973 0.935966 0.935966 1 1 0
4.45946 0.933041 0.933041 1 1 0
4.47919 0.930136 0.930136 1 1 0
4.49893 0.927252 0.927252 1 1 0
4.51867 0.924386 0.924386 1 1 0
4.53842 0.921541 0.921541 1 1 0
4.55817 0.918714 0.918714 1 1 0
4.57792 0.915906 0.915906 1 1 0
4.59767 0.913118 0.913118 1 1 0
4.61743 0.910348 0.910348 1 1 0
4.63719 0.907596 0.907596 1 1 0
4.65696 0.904863 0.904863 1 1 0
4.67673 0.902148 0.902148 1 1 0
4.6965 0.899451 0.899451 1 1 0
4.71627 0.896771 0.896771 1 1 0
4.73605 0.89411 0.89411 1 1 0
4.75583 0.891465 0.891465 1 1 0
4.77561 0.888838 0.888838 1 1 0
4.7954 0.886228 0.886228 1 1 0
4.81519 0.883635 0.883635 1 1 0
4.83498 0.881058 0.881058 1 1 0
4.85477 0.878499 0.878499 1 1 0
4.87457 0.875955 0.875955 1 1 0
4.89437 0.873428 0.873428 1 1 0
4.91417 0.870917 0.870917 1 1 0
4.93398 0.868422 0.868422 1 1 0
4.95378 0.865942 0.865942 1 1 0
4.97359 0.863479 0.863479 1 1 0
4.99341 0.861031 0.861031 1 1 0
5.01322 0.858598 0.858598 1 1 0
5.03304 0.85618 0.85618 1 1 0
5.05285 0.853778 0.853778 1 1 0
5.07268 0.85139 0.85139 1 1 0
5.0925 0.849017 0.849017 1 1 0
5.11232 0.846659 0.846659 1 1 0
5.13215 0.844315 0.844315 1 1 0
5.15198 0.841986 0.841986 1 1 0
5.17181 0.839671 0.839671 1 1 0
5.19165 0.83737 0.83737 1 1 0
5.21148 0.835083 0.835083 1 1 0
5.23132 0.83281 0.83281 1 1 0
5.25116 0.83055 0.83055 1 1 0
5.271 0.828304 0.828304 1 1 0
5.29085 0.826072 0.826072 1 1 0
5.31069 0.823853 0.823853 1 1 0
5.33054 0.821647 0.821647 1 1 0
5.35039 0.819455 0.819455 1 1 0
5.37024 0.817275 0.817275 1 1 0
5.39009 0.815108 0.815108 1 1 0
5.40995 0.812954 0.812954 1 1 0
5.4298 0.810813 0.810813 1 1 0
5.44966 0.808684 0.808684 1 1 0
5.46952 0.806567 0.806567 1 1 0
5.48938 0.804463 0.804463 1 1 0
5.50924 0.802371 0.802371 1 1 0
5.51571 0.801693 0.801693 1 1 0
5.53558 0.799617 0.799617 2 1 0
5.55544 0.797553 0.797553 2 1 0
5.57531 0.795501 0.795501 2 1 0
5.59518 0.79346 0.79346 2 1 0
5.61505 0.791432 0.791432 2 1 0
5.63492 0.789414 0.789414 2 1 0
5.6548 0.787409 0.787409 2 1 0
5.67467 0.785414 0.785414 2 1 0
5.69455 0.783431 0.783431 2 1 0
5.71443 0.781459 0.781459 2 1 0
5.73431 0.779498 0.779498 2 1 0
5.75419 0.777548 0.777548 2 1 0
5.77407 0.775609 0.775609 2 1 0
5.79395 0.77368 0.77368 2 1 0
5.81384 0.771763 0.771763 2 1 0
5.83372 0.769855 0.769855 2 1 0
5.85361 0.767959 0.767959 2 1 0
5.51571 0.801693 0.801693 4 5 0
5.51573 0.807002 0.796412 3 5 0
5.51585 0.812335 0.791151 3 5 0
5.51606 0.817688 0.78592 3 5 0
5.51634 0.823069 0.780709 3 5 0
5.5167 0.828474 0.775523 3 5 0
5.51714 0.833908 0.770361 3 5 0
5.51767 0.839359 0.765226 3 5 0
5.51827 0.844831 0.760117 3 5 0
5.51896 0.850296 0.755066 3 5 0
5.51972 0.85581 0.750012 3 5 0
5.52056 0.861344 0.744986 3 5 0
5.52149 0.866848 0.740029 3 5 0
5.52249 0.872421 0.735059 3 5 0
5.52357 0.878011 0.730118 3 5 0
5.52473 0.883633 0.725215 3 5 0
5.52597 0.889236 0.720355 3 5 0
5.52728 0.894852 0.715529 3 5 0
5.52868 0.900556 0.710613 3 5 0
5.53015 0.906226 0.705832 3 5 0
5.5317 0.91191 0.701084 3 5 0
5.53333 0.917585 0.696371 3 5 0
5.53503 0.923278 0.691689 3 5 0
5.53681 0.92898 0.68704 3 5 0
5.53867 0.934634 0.68238 3 5 0
5.5406 0.940345 0.67779 3 5 0
5.5426 0.946116 0.673233 3 5 0
5.54468 0.951957 0.668723 3 5 0
5.54684 0.957745 0.664213 3 5 0
5.54907 0.96354 0.659734 3 5 0
5.55137 0.969278 0.65527 3 5 0
5.55375 0.975096 0.650865 3 5 0
5.55619 0.980921 0.646493 3 5 0
5.55871 0.98674 0.64216 3 5 0
5.56131 0.992578 0.637858 3 5 0
5.56397 0.998422 0.633589 3 5 0
5.56671 1.0042 0.629342 3 5 0
5.56951 1.01006 0.625139 3 5 0
5.57239 1.01593 0.62097 3 5 0
5.57533 1.0218 0.61678 3 5 0
5.57834 1.02767 0.612662 3 5 0
5.58143 1.03354 0.608577 3 5 0
5.58458 1.03941 0.604604 3 5 0
5.5878 1.04529 0.600566 3 5 0
5.59108 1.05116 0.596561 3 5 0
5.59444 1.05683 0.59259 3 5 0
5.59786 1.06266 0.588675 3 5 0
5.60135 1.06854 0.584793 3 5 0
5.6049 1.07454 0.581075 3 5 0
5.60852 1.08038 0.577213 3 5 0
5.6122 1.08622 0.573383 3 5 0
5.61595 1.09214 0.569614 3 5 0
5.61976 1.09798 0.565845 3 5 0
5.62363 1.10381 0.562108 3 5 0
5.62757 1.1098 0.558417 3 5 0
5.63157 1.11564 0.554741 3 5 0
5.63564 1.12147 0.551096 3 5 0
5.63977 1.12745 0.547542 3 5 0
5.64396 1.13336 0.543953 3 5 0
5.64821 1.13927 0.540395 3 5 0
5.65252 1.14525 0.536938 3 5 0
5.65689 1.15113 0.533433 3 5 0
5.66133 1.15701 0.529959 3 5 0
5.66582 1.16286 0.526578 3 5 0
5.67038 1.16872 0.523157 3 5 0
5.67499 1.17457 0.519765 3 5 0
5.67966 1.18043 0.516492 3 5 0
5.6844 1.18627 0.513151 3 5 0
5.68919 1.1921 0.509838 3 5 0
5.69404 1.19793 0.506953 3 5 0
5.69895 1.20375 0.503676 3 5 0
5.70391 1.20955 0.500427 3 5 0
5.70894 1.21523 0.497228 3 5 0
5.71402 1.22111 0.494032 3 5 0
5.71916 1.22698 0.490863 3 5 0
5.72435 1.23302 0.487904 3 5 0
5.72961 1.23882 0.484866 3 5 0
5.73492 1.24461 0.481854 3 5 0
5.74028 1.25048 0.478771 3 5 0
5.7457 1.25628 0.475808 3 5 0
5.75118 1.26208 0.472871 3 5 0
5.75671 1.26786 0.469374 3 5 0
5.7623 1.27366 0.466417 3 5 0
5.76795 1.27944 0.463485 3 5 0
5.77365 1.28494 0.460521 3 5 0
5.7794 1.29065 0.457654 3 5 0
5.78521 1.29634 0.454812 3 5 0
5.79107 1.30237 0.452008 3 5 0
5.79699 1.30807 0.449218 3 5 0
5.80296 1.31377 0.44645 3 5 0
5.80899 1.31948 0.443783 3 5 0
5.81507 1.32515 0.44107 3 5 0
5.82121 1.33082 0.438379 3 5 0
5.82739 1.33637 0.435767 3 5 0
5.83364 1.34214 0.433066 3 5 0
5.83993 1.34791 0.430389 3 5 0
5.84628 1.35397 0.42777 3 5 0
5.85268 1.35964 0.425134 3 5 0
5.85914 1.36529 0.42252 3 5 0
5.86564 1.37105 0.419874 3 5 0
5.8722 1.37672 0.417307 3 5 0
5.87882 1.38238 0.414761 3 5 0
5.88548 1.38803 0.412221 3 5 0
5.8922 1.39367 0.409719 3 5 0
5.89897 1.3993 0.407238 3 5 0
5.9058 1.40472 0.404805 3 5 0
5.91267 1.41029 0.40236 3 5 0
5.9196 1.41584 0.399935 3 5 0
5.92658 1.4214 0.397573 3 5 0
5.93361 1.42692 0.395181 3 5 0
5.9407 1.43244 0.392809 3 5 0
5.94784 1.43808 0.390473 3 5 0
5.95502 1.44357 0.388137 3 5 0
5.96226 1.44905 0.385819 3 5 0
5.96956 1.45473 0.383531 3 5 0
5.9769 1.46019 0.381249 3 5 0
5.98429 1.46565 0.378985 3 5 0
5.99174 1.47124 0.376734 3 5 0
5.99924 1.47683 0.374508 3 5 0
6.00679 1.48241 0.372299 3 5 0
6.01439 1.48794 0.370113 3 5 0
6.02204 1.49337 0.367936 3 5 0
6.02974 1.49877 0.365776 3 5 0
6.0375 1.5045 0.363641 3 5 0
6.04531 1.50991 0.361511 3 5 0
6.05316 1.5153 0.359398 3 5 0
6.06107 1.52093 0.357306 3 5 0
6.06903 1.52631 0.355223 3 5 0
6.07704 1.53168 0.353157 3 5 0
6.0851 1.53725 0.351108 3 5 0
6.09321 1.54261 0.349072 3 5 0
6.10138 1.54796 0.347052 3 5 0
6.10959 1.55352 0.345047 3 5 0
6.11785 1.55886 0.343057 3 5 0
6.12617 1.56418 0.341082 3 5 0
6.13454 1.56972 0.33912 3 5 0
6.14295 1.57504 0.337175 3 5 0
6.15142 1.58034 0.335245 3 5 0
6.15994 1.58587 0.33333 3 5 0
6.16851 1.59118 0.33143 3 5 0
6.17713 1.59647 0.329545 3 5 0
6.1858 1.60183 0.327681 3 5 0
6.19452 1.60712 0.325826 3 5 0
6.20329 1.61238 0.323984 3 5 0
6.21211 1.6175 0.322103 3 5 0
6.22098 1.62272 0.320284 3 5 0
6.2299 1.62793 0.318479 3 5 0
6.23888 1.63262 0.31665 3 5 0
6.2479 1.63782 0.314867 3 5 0
6.25697 1.64314 0.313098 3 5 0
6.26609 1.6484 0.311318 3 5 0
6.27527 1.65351 0.309571 3 5 0
6.28449 1.65864 0.307836 3 5 0
6.29377 1.66395 0.306105 3 5 0
6.30309 1.66904 0.304394 3 5 0
6.31246 1.6742 0.302696 3 5 0
6.32189 1.67933 0.301005 3 5 0
6.33136 1.68457 0.299331 3 5 0
6.34088 1.6898 0.297669 3 5 0
6.35046 1.69503 0.296005 3 5 0
6.36008 1.70006 0.294364 3 5 0
6.36975 1.70508 0.292736 3 5 0
6.37948 1.71043 0.291109 3 5 0
6.38925 1.71544 0.289502 3 5 0
6.39907 1.72043 0.287906 3 5 0
6.40894 1.72567 0.286316 3 5 0
6.41887 1.73064 0.284742 3 5 0
6.42884 1.7356 0.28318 3 5 0
6.43886 1.74081 0.281622 3 5 0
6.44893 1.74575 0.280081 3 5 0
6.45905 1.75067 0.278551 3 5 0
6.46922 1.75585 0.277025 3 5 0
6.47943 1.76076 0.275516 3 5 0
6.4897 1.76565 0.274017 3 5 0
6.50002 1.77079 0.272523 3 5 0
6.51038 1.77567 0.271045 3 5 0
6.52079 1.78053 0.269577 3 5 0
6.53126 1.78564 0.268113 3 5 0
6.54177 1.79049 0.266665 3 5 0
6.55233 1.79532 0.265228 3 5 0
6.56294 1.8004 0.263792 3 5 0
6.5736 1.80521 0.262375 3 5 0
6.58431 1.81001 0.260967 3 5 0
6.59506 1.81506 0.259561 3 5 0
6.60586 1.81984 0.258172 3 5 0
6.61672 1.82461 0.256793 3 5 0
6.62762 1.82963 0.255415 3 5 0
6.63857 1.83437 0.254055 3 5 0
6.64956 1.83911 0.252705 3 5 0
6.66061 1.8441 0.251355 3 5 0
6.6717 1.84881 0.250023 3 5 0
6.68284 1.85351 0.2487 3 5 0
6.69403 1.85847 0.247377 3 5 0
6.70527 1.86315 0.246073 3 5 0
6.71655 1.86782 0.244777 3 5 0
6.72788 1.87274 0.243482 3 5 0
6.73926 1.87739 0.242204 3 5 0
6.75069 1.88203 0.240936 3 5 0
6.76216 1.88691 0.239669 3 5 0
6.77368 1.89152 0.238418 3 5 0
6.77368 1.89152 0.238418 4 5 0
6.78525 1.89612 0.237176 3 5 0
6.79686 1.90071 0.235943 3 5 0
6.80853 1.90566 0.234729 3 5 0
6.82023 1.91023 0.233514 3 5 0
6.83199 1.91479 0.232307 3 5 0
6.84379 1.92017 0.231076 3 5 0
6.85564 1.92475 0.229885 3 5 0
6.86753 1.92931 0.228702 3 5 0
6.87947 1.93304 0.227469 3 5 0
6.89146 1.93753 0.2263 3 5 0
6.90349 1.942 0.225139 3 5 0
6.91557 1.9474 0.223974 3 5 0
6.9277 1.95189 0.222829 3 5 0
6.93987 1.95636 0.221691 3 5 0
6.95208 1.96146 0.220566 3 5 0
6.96434 1.96595 0.219444 3 5 0
6.97665 1.97043 0.218331 3 5 0
6.989 1.9738 0.217175 3 5 0
7.00139 1.97818 0.216075 3 5 0
7.01384 1.98255 0.214982 3 5 0
7.02632 1.98748 0.213864 3 5 0
7.03885 1.99184 0.212784 3 5 0
7.05143 1.99619 0.211712 3 5 0
7.06405 2.00094 0.21063 3 5 0
7.07671 2.00527 0.209571 3 5 0
7.08942 2.00958 0.208521 3 5 0
7.10217 2.01411 0.20746 3 5 0
7.11496 2.01841 0.206423 3 5 0
7.1278 2.02269 0.205393 3 5 0
7.14068 2.0271 0.204352 3 5 0
7.15361 2.03135 0.203335 3 5 0
7.16658 2.03559 0.202325 3 5 0
7.17959 2.03997 0.201306 3 5 0
7.19264 2.04419 0.200308 3 5 0
7.20574 2.04839 0.199318 3 5 0
7.21888 2.05278 0.19832 3 5 0
7.23206 2.05696 0.197342 3 5 0
7.24528 2.06112 0.196371 3 5 0
7.25855 2.06554 0.195394 3 5 0
7.27186 2.06969 0.194436 3 5 0
7.28521 2.07381 0.193484 3 5 0
7.2986 2.07825 0.192528 3 5 0
7.31203 2.08236 0.191588 3 5 0
7.32551 2.08645 0.190655 3 5 0
7.33902 2.0909 0.18972 3 5 0
7.35258 2.09498 0.188799 3 5 0
7.36617 2.09904 0.187885 3 5 0
7.37981 2.10352 0.186971 3 5 0
7.39349 2.10757 0.186069 3 5 0
7.40721 2.11161 0.185173 3 5 0
7.42096 2.11611 0.184286 3 5 0
7.43476 2.12014 0.183402 3 5 0
7.4486 2.12415 0.182525 3 5 0
7.46248 2.12828 0.181709 3 5 0
7.47639 2.13226 0.180845 3 5 0
7.49035 2.13624 0.179988 3 5 0
7.50435 2.13979 0.179024 3 5 0
7.51838 2.14389 0.178174 3 5 0
7.53245 2.14799 0.177329 3 5 0
7.54656 2.15307 0.176459 3 5 0
7.56071 2.15709 0.175624 3 5 0
7.5749 2.16109 0.174794 3 5 0
7.58912 2.16509 0.173958 3 5 0
7.60339 2.16907 0.173137 3 5 0
7.61769 2.17303 0.172321 3 5 0
7.63203 2.17695 0.171515 3 5 0
7.6464 2.18088 0.170709 3 5 0
7.66081 2.1848 0.169908 3 5 0
7.67526 2.1887 0.169119 3 5 0
7.68975 2.1926 0.168328 3 5 0
7.70427 2.19648 0.167543 3 5 0
7.71883 2.20034 0.16677 3 5 0
7.73342 2.20419 0.165995 3 5 0
7.74805 2.20803 0.165224 3 5 0
7.76272 2.21185 0.164467 3 5 0
7.77742 2.21566 0.163707 3 5 0
7.79216 2.21945 0.162951 3 5 0
7.80693 2.22324 0.16221 3 5 0
7.82174 2.22701 0.161464 3 5 0
7.83658 2.23076 0.160722 3 5 0
7.85146 2.23451 0.159996 3 5 0
7.86637 2.23824 0.159264 3 5 0
7.88131 2.24196 0.158537 3 5 0
7.89629 2.24567 0.157826 3 5 0
7.9113 2.24936 0.157108 3 5 0
7.92635 2.25303 0.156394 3 5 0
7.94143 2.25672 0.155698 3 5 0
7.95654 2.26036 0.154993 3 5 0
7.97169 2.264 0.154293 3 5 0
7.98687 2.26765 0.153611 3 5 0
8.00208 2.27126 0.15292 3 5 0
8.01732 2.27485 0.152233 3 5 0
8.0326 2.27847 0.151564 3 5 0
8.04791 2.28204 0.150886 3 5 0
8.06325 2.2856 0.150213 3 5 0
8.07862 2.28919 0.149557 3 5 0
8.09403 2.29272 0.148892 3 5 0
8.10946 2.29624 0.148232 3 5 0
8.12493 2.29979 0.147589 3 5 0
8.14042 2.30329 0.146937 3 5 0
8.15595 2.30677 0.146288 3 5 0
8.17151 2.3103 0.145659 3 5 0
8.1871 2.31376 0.145018 3 5 0
8.20272 2.3172 0.144382 3 5 0
8.21837 2.3207 0.143765 3 5 0
8.23405 2.32412 0.143137 3 5 0
8.24976 2.32753 0.142513 3 5 0
8.26549 2.331 0.141908 3 5 0
8.28126 2.33438 0.141291 3 5 0
8.29706 2.33775 0.140679 3 5 0
8.31288 2.34119 0.140086 3 5 0
8.32874 2.34454 0.139481 3 5 0
8.34462 2.34788 0.13888 3 5 0
8.36053 2.35129 0.138298 3 5 0
8.37647 2.35461 0.137705 3 5 0
8.39243 2.35791 0.137115 3 5 0
8.40843 2.3613 0.136544 3 5 0
8.42445 2.36457 0.135962 3 5 0
8.4405 2.36784 0.135383 3 5 0
8.45658 2.3712 0.134823 3 5 0
8.47268 2.37445 0.134251 3 5 0
8.48881 2.37768 0.133684 3 5 0
8.50497 2.38102 0.133133 3 5 0
8.52115 2.38423 0.132572 3 5 0
8.53736 2.38743 0.132015 3 5 0
8.5536 2.39074 0.131474 3 5 0
8.56986 2.39391 0.130923 3 5 0
8.58615 2.39708 0.130377 3 5 0
8.60246 2.40035 0.129843 3 5 0
8.6188 2.4035 0.129303 3 5 0
8.63517 2.40663 0.128767 3 5 0
8.65156 2.40982 0.128236 3 5 0
8.66797 2.41293 0.127706 3 5 0
8.68441 2.41603 0.12718 3 5 0
8.70088 2.41937 0.126651 3 5 0
8.71736 2.42245 0.126132 3 5 0
8.73388 2.42552 0.125616 3 5 0
8.75041 2.42974 0.125129 3 5 0
8.76697 2.43282 0.124619 3 5 0
8.78356 2.4359 0.124112 3 5 0
8.80016 2.43807 0.123689 3 5 0
8.8168 2.44109 0.123186 3 5 0
8.83345 2.4441 0.122687 3 5 0
8.85013 2.44782 0.122146 3 5 0
8.86683 2.45082 0.121655 3 5 0
8.88355 2.45382 0.121166 3 5 0
8.9003 2.45726 0.120716 3 5 0
8.91706 2.46025 0.120233 3 5 0
8.93385 2.46322 0.119753 3 5 0
8.95067 2.46528 0.119339 3 5 0
8.9675 2.46821 0.118864 3 5 0
8.98436 2.47112 0.118391 3 5 0
9.00123 2.4747 0.1179 3 5 0
9.01813 2.47771 0.117434 3 5 0
9.03505 2.48071 0.116971 3 5 0
9.052 2.48427 0.116582 3 5 0
9.06896 2.48723 0.116124 3 5 0
9.08594 2.49019 0.115668 3 5 0
9.10295 2.4931 0.1153 3 5 0
9.11997 2.49603 0.114849 3 5 0
9.13701 2.49895 0.1144 3 5 0
9.15408 2.50186 0.114011 3 5 0
9.17116 2.50476 0.113573 3 5 0
9.18827 2.50764 0.113131 3 5 0
9.20539 2.51055 0.112674 3 5 0
9.22254 2.51341 0.11225 3 5 0
9.2397 2.51627 0.111829 3 5 0
9.25689 2.51913 0.111368 3 5 0
9.27409 2.52196 0.110951 3 5 0
9.29131 2.52478 0.110537 3 5 0
9.30855 2.52759 0.110088 3 5 0
9.32581 2.53039 0.109678 3 5 0
9.34309 2.53317 0.109271 3 5 0
9.36039 2.53593 0.108831 3 5 0
9.3777 2.53868 0.108429 3 5 0
9.39503 2.54143 0.108029 3 5 0
9.41238 2.54413 0.107598 3 5 0
9.42975 2.54685 0.107202 3 5 0
9.44714 2.54957 0.106809 3 5 0
9.46454 2.5522 0.106386 3 5 0
9.48197 2.55489 0.105997 3 5 0
9.49941 2.55757 0.10561 3 5 0
9.51686 2.56013 0.105195 3 5 0
9.53434 2.56279 0.104813 3 5 0
9.55183 2.56543 0.104433 3 5 0
9.56934 2.5679 0.104026 3 5 0
9.58686 2.57052 0.10365 3 5 0
9.6044 2.57313 0.103276 3 5 0
9.62196 2.57547 0.102876 3 5 0
9.63953 2.57805 0.102506 3 5 0
9.65712 2.58062 0.102139 3 5 0
9.67473 2.58269 0.101746 3 5 0
9.69235 2.58524 0.101382 3 5 0
9.70999 2.58777 0.101021 3 5 0
9.72765 2.59146 0.100636 3 5 0
9.74532 2.59408 0.100279 3 5 0
9.763 2.59669 0.0999232 3 5 0
9.78071 2.59806 0.0995348 3 5 0
9.79842 2.60068 0.0991822 3 5 0
5.85361 0.767959 0.767959 2 1 0
5.89339 0.764197 0.764197 2 1 0
5.91328 0.762331 0.762331 2 1 0
5.93317 0.760475 0.760475 2 1 0
5.95306 0.75863 0.75863 2 1 0
5.97296 0.756795 0.756795 2 1 0
5.99286 0.754969 0.754969 2 1 0
6.01275 0.753153 0.753153 2 1 0
6.03265 0.751347 0.751347 2 1 0
6.05255 0.749551 0.749551 2 1 0
6.07245 0.747764 0.747764 2 1 0
6.09235 0.745987 0.745987 2 1 0
6.11225 0.744219 0.744219 2 1 0
6.13215 0.742461 0.742461 2 1 0
6.15206 0.740711 0.740711 2 1 0
6.17196 0.738971 0.738971 2 1 0
6.19187 0.737241 0.737241 2 1 0
6.21178 0.735519 0.735519 2 1 0
6.23169 0.733806 0.733806 2 1 0
6.25159 0.732102 0.732102 2 1 0
6.2715 0.730407 0.730407 2 1 0
6.29142 0.72872 0.72872 2 1 0
6.31133 0.727043 0.727043 2 1 0
6.33124 0.725374 0.725374 2 1 0
6.35115 0.723713 0.723713 2 1 0
6.37107 0.722061 0.722061 2 1 0
6.39098 0.720418 0.720418 2 1 0
6.4109 0.718783 0.718783 2 1 0
6.43082 0.717156 0.717156 2 1 0
6.45074 0.715537 0.715537 2 1 0
6.47065 0.713927 0.713927 2 1 0
6.49057 0.712324 0.712324 2 1 0
6.51049 0.71073 0.71073 2 1 0
6.53042 0.709143 0.709143 2 1 0
6.55034 0.707565 0.707565 2 1 0
6.57026 0.705994 0.705994 2 1 0
6.59018 0.704431 0.704431 2 1 0
6.61011 0.702876 0.702876 2 1 0
6.63003 0.701329 0.701329 2 1 0
6.64996 0.699789 0.699789 2 1 0
6.66988 0.698257 0.698257 2 1 0
6.68981 0.696732 0.696732 2 1 0
6.70974 0.695215 0.695215 2 1 0
6.72967 0.693705 0.693705 2 1 0
6.7496 0.692202 0.692202 2 1 0
6.76953 0.690707 0.690707 2 1 0
6.78946 0.689219 0.689219 2 1 0
6.80939 0.687738 0.687738 2 1 0
6.82932 0.686264 0.686264 2 1 0
6.84925 0.684798 0.684798 2 1 0
6.86919 0.683338 0.683338 2 1 0
6.88912 0.681885 0.681885 2 1 0
6.90906 0.680439 0.680439 2 1 0
6.92899 0.679001 0.679001 2 1 0
6.94893 0.677568 0.677568 2 1 0
6.96886 0.676143 0.676143 2 1 0
6.9888 0.674724 0.674724 2 1 0
7.00874 0.673312 0.673312 2 1 0
7.02868 0.671907 0.671907 2 1 0
7.04862 0.670508 0.670508 2 1 0
7.06855 0.669116 0.669116 2 1 0
7.08849 0.66773 0.66773 2 1 0
7.10844 0.666351 0.666351 2 1 0
7.12838 0.664978 0.664978 2 1 0
7.14832 0.663611 0.663611 2 1 0
7.16826 0.66225 0.66225 2 1 0
7.1882 0.660896 0.660896 2 1 0
7.20815 0.659548 0.659548 2 1 0
7.22809 0.658207 0.658207 2 1 0
7.24803 0.656871 0.656871 2 1 0
7.26798 0.655541 0.655541 2 1 0
7.28792 0.654218 0.654218 2 1 0
7.30787 0.6529 0.6529 2 1 0
7.32782 0.651588 0.651588 2 1 0
7.34776 0.650283 0.650283 2 1 0
7.36771 0.648983 0.648983 2 1 0
7.38766 0.647689 0.647689 2 1 0
7.4076 0.6464 0.6464 2 1 0
7.42755 0.645118 0.645118 2 1 0
7.4475 0.643841 0.643841 2 1 0
7.46745 0.64257 0.64257 2 1 0
7.4874 0.641304 0.641304 2 1 0
7.50735 0.640044 0.640044 2 1 0
7.5273 0.63879 0.63879 2 1 0
7.54725 0.637541 0.637541 2 1 0
7.56721 0.636298 0.636298 2 1 0
7.58716 0.63506 0.63506 2 1 0
7.60711 0.633827 0.633827 2 1 0
7.62706 0.6326 0.6326 2 1 0
7.64702 0.631378 0.631378 2 1 0
7.66697 0.630161 0.630161 2 1 0
7.68692 0.62895 0.62895 2 1 0
7.70688 0.627744 0.627744 2 1 0
7.72683 0.626543 0.626543 2 1 0
7.74679 0.625347 0.625347 2 1 0
7.76674 0.624156 0.624156 2 1 0
7.7867 0.62297 0.62297 2 1 0
7.80666 0.62179 0.62179 2 1 0
7.82661 0.620614 0.620614 2 1 0
7.84657 0.619444 0.619444 2 1 0
7.86653 0.618278 0.618278 2 1 0
7.88649 0.617117 0.617117 2 1 0
7.90644 0.615962 0.615962 2 1 0
7.9264 0.614811 0.614811 2 1 0
7.94636 0.613664 0.613664 2 1 0
7.96632 0.612523 0.612523 2 1 0
7.98628 0.611386 0.611386 2 1 0
8.00624 0.610255 0.610255 2 1 0
8.0262 0.609127 0.609127 2 1 0
8.04616 0.608005 0.608005 2 1 0
8.06612 0.606887 0.606887 2 1 0
8.08608 0.605774 0.605774 2 1 0
8.10604 0.604665 0.604665 2 1 0
8.12601 0.603561 0.603561 2 1 0
8.14597 0.602461 0.602461 2 1 0
8.16593 0.601366 0.601366 2 1 0
8.18589 0.600276 0.600276 2 1 0
8.20586 0.599189 0.599189 2 1 0
8.22582 0.598108 0.598108 2 1 0
8.24578 0.59703 0.59703 2 1 0
8.26575 0.595957 0.595957 2 1 0
8.28571 0.594888 0.594888 2 1 0
8.30568 0.593824 0.593824 2 1 0
8.32564 0.592764 0.592764 2 1 0
8.34561 0.591708 0.591708 2 1 0
8.36557 0.590656 0.590656 2 1 0
8.38554 0.589609 0.589609 2 1 0
8.4055 0.588565 0.588565 2 1 0
8.42547 0.587526 0.587526 2 1 0
8.44544 0.586491 0.586491 2 1 0
8.4654 0.58546 0.58546 2 1 0
8.48537 0.584433 0.584433 2 1 0
8.50534 0.58341 0.58341 2 1 0
8.52531 0.582391 0.582391 2 1 0
8.54527 0.581376 0.581376 2 1 0
8.56524 0.580365 0.580365 2 1 0
8.58521 0.579358 0.579358 2 1 0
8.60518 0.578355 0.578355 2 1 0
8.62515 0.577356 0.577356 2 1 0
8.64512 0.576361 0.576361 2 1 0
8.66509 0.575369 0.575369 2 1 0
8.68505 0.574382 0.574382 2 1 0
8.70502 0.573398 0.573398 2 1 0
8.72499 0.572418 0.572418 2 1 0
8.74496 0.571442 0.571442 2 1 0
8.76494 0.570469 0.570469 2 1 0
8.78491 0.5695 0.5695 2 1 0
8.80488 0.568535 0.568535 2 1 0
8.82485 0.567574 0.567574 2 1 0
8.84482 0.566616 0.566616 2 1 0
8.86479 0.565662 0.565662 2 1 0
8.88476 0.564711 0.564711 2 1 0
8.90473 0.563764 0.563764 2 1 0
8.92471 0.562821 0.562821 2 1 0
8.94468 0.561881 0.561881 2 1 0
8.96465 0.560944 0.560944 2 1 0
8.98462 0.560011 0.560011 2 1 0
9.0046 0.559082 0.559082 2 1 0
9.02457 0.558156 0.558156 2 1 0
9.04454 0.557234 0.557234 2 1 0
9.06452 0.556315 0.556315 2 1 0
9.08449 0.555399 0.555399 2 1 0
9.10447 0.554487 0.554487 2 1 0
9.12444 0.553578 0.553578 2 1 0
9.14441 0.552672 0.552672 2 1 0
9.16439 0.55177 0.55177 2 1 0
9.18436 0.550871 0.550871 2 1 0
9.20434 0.549975 0.549975 2 1 0
9.22431 0.549083 0.549083 2 1 0
9.24429 0.548194 0.548194 2 1 0
9.26426 0.547308 0.547308 2 1 0
9.28424 0.546425 0.546425 2 1 0
9.30422 0.545546 0.545546 2 1 0
9.32419 0.544669 0.544669 2 1 0
9.34417 0.543796 0.543796 2 1 0
9.36414 0.542926 0.542926 2 1 0
9.38412 0.542059 0.542059 2 1 0
9.4041 0.541195 0.541195 2 1 0
9.42407 0.540335 0.540335 2 1 0
9.44405 0.539477 0.539477 2 1 0
9.46403 0.538622 0.538622 2 1 0
9.48401 0.537771 0.537771 2 1 0
9.50398 0.536922 0.536922 2 1 0
9.52396 0.536077 0.536077 2 1 0
9.54394 0.535234 0.535234 2 1 0
9.56392 0.534395 0.534395 2 1 0
9.58389 0.533558 0.533558 2 1 0
9.60387 0.532724 0.532724 2 1 0
9.62385 0.531894 0.531894 2 1 0
9.64383 0.531066 0.531066 2 1 0
9.66381 0.530241 0.530241 2 1 0
9.68379 0.529419 0.529419 2 1 0
9.70377 0.528599 0.528599 2 1 0
9.72375 0.527783 0.527783 2 1 0
9.74372 0.52697 0.52697 2 1 0
9.7637 0.526159 0.526159 2 1 0
9.78368 0.525351 0.525351 2 1 0
9.80366 0.524546 0.524546 2 1 0
9.82364 0.523743 0.523743 2 1 0
9.84362 0.522944 0.522944 2 1 0
2 1.59375 1.59375 2 1 0
1.9651 1.61124 1.61124 1 1 0
1.94773 1.6201 1.6201 1 1 0
1.93042 1.62905 1.62905 1 1 0
1.91315 1.63809 1.63809 1 1 0
1.89594 1.6472 1.6472 1 1 0
1.87879 1.6564 1.6564 1 1 0
1.8617 1.66569 1.66569 1 1 0
1.84466 1.67506 1.67506 1 1 0
1.82769 1.68452 1.68452 1 1 0
1.81077 1.69407 1.69407 1 1 0
1.79392 1.7037 1.7037 1 1 0
1.77713 1.71342 1.71342 1 1 0
1.7604 1.72323 1.72323 1 1 0
1.74374 1.73312 1.73312 1 1 0
1.72714 1.74311 1.74311 1 1 0
1.71062 1.75318 1.75318 1 1 0
1.69416 1.76334 1.76334 1 1 0
1.67777 1.77359 1.77359 1 1 0
1.66145 1.78393 1.78393 1 1 0
1.6452 1.79437 1.79437 1 1 0
1.62902 1.80489 1.80489 1 1 0
1.61292 1.8155 1.8155 1 1 0
1.5969 1.8262 1.8262 1 1 0
1.58095 1.837 1.837 1 1 0
1.56508 1.84788 1.84788 1 1 0
1.54928 1.85886 1.85886 1 1 0
1.53357 1.86992 1.86992 1 1 0
1.51793 1.88108 1.88108 1 1 0
1.50238 1.89233 1.89233 1 1 0
1.48691 1.90367 1.90367 1 1 0
1.47153 1.9151 1.9151 1 1 0
1.45623 1.92662 1.92662 1 1 0
1.44101 1.93823 1.93823 1 1 0
1.42589 1.94994 1.94994 1 1 0
1.41085 1.96173 1.96173 1 1 0
1.3959 1.97361 1.97361 1 1 0
1.38104 1.98558 1.98558 1 1 0
1.36627 1.99764 1.99764 1 1 0
1.35159 2.0098 2.0098 1 1 0
1.337 2.02204 2.02204 1 1 0
1.32251 2.03436 2.03436 1 1 0
1.30811 2.04678 2.04678 1 1 0
1.2938 2.05928 2.05928 1 1 0
1.27959 2.07187 2.07187 1 1 0
1.26548 2.08455 2.08455 1 1 0
1.25147 2.09731 2.09731 1 1 0
1.23755 2.11016 2.11016 1 1 0
1.22373 2.12309 2.12309 1 1 0
1.21001 2.13611 2.13611 1 1 0
1.19639 2.14921 2.14921 1 1 0
1.18287 2.16239 2.16239 1 1 0
1.16945 2.17565 2.17565 1 1 0
1.15613 2.189 2.189 1 1 0
1.14291 2.20242 2.20242 1 1 0
1.1298 2.21593 2.21593 1 1 0
1.11678 2.22951 2.22951 1 1 0
1.10387 2.24318 2.24318 1 1 0
1.09107 2.25692 2.25692 1 1 0
1.07836 2.27073 2.27073 1 1 0
1.06576 2.28462 2.28462 1 1 0
1.05326 2.29859 2.29859 1 1 0
1.04087 2.31263 2.31263 1 1 0
1.02858 2.32674 2.32674 1 1 0
1.01639 2.34093 2.34093 1 1 0
1.00431 2.35518 2.35518 1 1 0
0.992326 2.36951 2.36951 1 1 0
0.980451 2.3839 2.3839 1 1 0
0.968679 2.39836 2.39836 1 1 0
0.95701 2.41289 2.41289 1 1 0
0.945445 2.42749 2.42749 1 1 0
0.933984 2.44215 2.44215 1 1 0
0.922625 2.45687 2.45687 1 1 0
0.911369 2.47166 2.47166 1 1 0
0.900216 2.48651 2.48651 1 1 0
0.889165 2.50142 2.50142 1 1 0
0.878215 2.51639 2.51639 1 1 0
0.867367 2.53142 2.53142 1 1 0
0.856621 2.5465 2.5465 1 1 0
0.845975 2.56165 2.56165 1 1 0
0.835429 2.57685 2.57685 1 1 0
0.824983 2.5921 2.5921 1 1 0
0.814637 2.60741 2.60741 1 1 0
0.804389 2.62277 2.62277 1 1 0
0.794239 2.63819 2.63819 1 1 0
0.784187 2.65365 2.65365 1 1 0
0.774233 2.66917 2.66917 1 1 0
0.764374 2.68473 2.68473 1 1 0
0.754612 2.70035 2.70035 1 1 0
0.744945 2.71601 2.71601 1 1 0
0.735372 2.73171 2.73171 1 1 0
0.725894 2.74747 2.74747 1 1 0
0.716508 2.76326 2.76326 1 1 0
0.707215 2.7791 2.7791 1 1 0
0.698014 2.79499 2.79499 1 1 0
0.688904 2.81091 2.81091 1 1 0
0.679885 2.82688 2.82688 1 1 0
0.670955 2.84288 2.84288 1 1 0
0.662114 2.85893 2.85893 1 1 0
0.653361 2.87502 2.87502 1 1 0
0.644696 2.89114 2.89114 1 1 0
0.636117 2.9073 2.9073 1 1 0
0.627624 2.92349 2.92349 1 1 0
0.619216 2.93972 2.93972 1 1 0
0.610892 2.95599 2.95599 1 1 0
0.602651 2.97229 2.97229 1 1 0
0.594494 2.98862 2.98862 1 1 0
0.586418 3.00499 3.00499 1 1 0
0.578422 3.02139 3.02139 1 1 0
0.570508 3.03781 3.03781 1 1 0
0.562672 3.05427 3.05427 1 1 0
0.554915 3.07076 3.07076 1 1 0
0.547236 3.08728 3.08728 1 1 0
0.539634 3.10382 3.10382 1 1 0
0.532108 3.1204 3.1204 1 1 0
0.524657 3.137 3.137 1 1 0
0.517281 3.15363 3.15363 1 1 0
0.509978 3.17028 3.17028 1 1 0
0.502749 3.18696 3.18696 1 1 0
0.495591 3.20366 3.20366 1 1 0
0.488505 3.22039 3.22039 1 1 0
0.48149 3.23714 3.23714 1 1 0
0.474544 3.25392 3.25392 1 1 0
0.467667 3.27072 3.27072 1 1 0
0.460858 3.28754 3.28754 1 1 0
0.454117 3.30438 3.30438 1 1 0
0.447442 3.32124 3.32124 1 1 0
0.440833 3.33813 3.33813 1 1 0
0.434289 3.35503 3.35503 1 1 0
0.42781 3.37195 3.37195 1 1 0
0.421394 3.3889 3.3889 1 1 0
0.415041 3.40586 3.40586 1 1 0
0.40875 3.42284 3.42284 1 1 0
0.40252 3.43984 3.43984 1 1 0
0.396351 3.45686 3.45686 1 1 0
0.390243 3.47389 3.47389 1 1 0
0.384193 3.49094 3.49094 1 1 0
0.378202 3.50801 3.50801 1 1 0
0.372268 3.52509 3.52509 1 1 0
0.366392 3.54219 3.54219 1 1 0
0.360572 3.5593 3.5593 1 1 0
0.354808 3.57643 3.57643 1 1 0
0.3491 3.59358 3.59358 1 1 0
0.343445 3.61074 3.61074 1 1 0
0.337844 3.62791 3.62791 1 1 0
0.332297 3.6451 3.6451 1 1 0
0.326802 3.6623 3.6623 1 1 0
0.321359 3.67951 3.67951 1 1 0
0.315967 3.69674 3.69674 1 1 0
0.310626 3.71397 3.71397 1 1 0
0.305334 3.73123 3.73123 1 1 0
0.300092 3.74849 3.74849 1 1 0
0.294899 3.76576 3.76576 1 1 0
0.289754 3.78305 3.78305 1 1 0
0.284657 3.80035 3.80035 1 1 0
0.279607 3.81766 3.81766 1 1 0
0.274603 3.83498 3.83498 1 1 0
0.269645 3.85231 3.85231 1 1 0
0.264733 3.86965 3.86965 1 1 0
0.259865 3.887 3.887 1 1 0
0.255042 3.90436 3.90436 1 1 0
0.250262 3.92173 3.92173 1 1 0
0.245525 3.93911 3.93911 1 1 0
0.240831 3.9565 3.9565 1 1 0
0.23618 3.9739 3.9739 1 1 0
0.23157 3.9913 3.9913 1 1 0
0.227001 4.00872 4.00872 1 1 0
0.222473 4.02614 4.02614 1 1 0
0.217985 4.04358 4.04358 1 1 0
0.213536 4.06102 4.06102 1 1 0
0.209127 4.07846 4.07846 1 1 0
0.204757 4.09592 4.09592 1 1 0
0.200425 4.11338 4.11338 1 1 0
0.19613 4.13086 4.13086 1 1 0
0.191873 4.14833 4.14833 1 1 0
0.187653 4.16582 4.16582 1 1 0
0.18347 4.18331 4.18331 1 1 0
0.179322 4.20081 4.20081 1 1 0
0.175211 4.21832 4.21832 1 1 0
0.171134 4.23583 4.23583 1 1 0
0.167092 4.25335 4.25335 1 1 0
0.163085 4.27088 4.27088 1 1 0
0.159111 4.28841 4.28841 1 1 0
0.155171 4.30595 4.30595 1 1 0
0.151264 4.32349 4.32349 1 1 0
0.14739 4.34104 4.34104 1 1 0
0.143549 4.3586 4.3586 1 1 0
0.139739 4.37616 4.37616 1 1 0
0.135961 4.39372 4.39372 1 1 0
0.132215 4.4113 4.4113 1 1 0
0.128499 4.42887 4.42887 1 1 0
0.124814 4.44646 4.44646 1 1 0
0.121159 4.46404 4.46404 1 1 0
0.117534 4.48164 4.48164 1 1 0
0.113938 4.49923 4.49923 1 1 0
0.110372 4.51683 4.51683 1 1 0
0.106835 4.53444 4.53444 1 1 0
0.103326 4.55205 4.55205 1 1 0
0.0998447 4.56967 4.56967 1 1 0
0.0963918 4.58729 4.58729 1 1 0
0.0963918 4.58729 4.58729 2 1 0
0.0895683 4.62254 4.62254 1 1 0
0.0861971 4.64017 4.64017 1 1 0
0.0828526 4.65781 4.65781 1 1 0
0.0795344 4.67545 4.67545 1 1 0
0.0762422 4.69309 4.69309 1 1 0
0.0729758 4.71074 4.71074 1 1 0
0.0697348 4.72839 4.72839 1 1 0
0.066519 4.74605 4.74605 1 1 0
0.0633281 4.76371 4.76371 1 1 0
0.0601619 4.78137 4.78137 1 1 0
0.0570199 4.79904 4.79904 1 1 0
0.0539021 4.81671 4.81671 1 1 0
0.0508081 4.83438 4.83438 1 1 0
0.0477376 4.85206 4.85206 1 1 0
0.0446904 4.86974 4.86974 1 1 0
0.0416663 4.88742 4.88742 1 1 0
0.038665 4.90511 4.90511 1 1 0
0.0356862 4.9228 4.9228 1 1 0
0.0327297 4.94049 4.94049 1 1 0
0.0297952 4.95818 4.95818 1 1 0
0.0268826 4.97588 4.97588 1 1 0
0.0239916 4.99358 4.99358 1 1 0
0.021122 5.01129 5.01129 1 1 0
0.0182734 5.02899 5.02899 1 1 0
0.0154458 5.0467 5.0467 1 1 0
0.0126388 5.06441 5.06441 1 1 0
0.00985236 5.08213 5.08213 1 1 0
0.00708612 5.09984 5.09984 1 1 0
0.00433992 5.11756 5.11756 1 1 0
0.00161353 5.13528 5.13528 1 1 0
-0.00109324 5.15301 5.15301 1 1 0
-0.0037806 5.17073 5.17073 1 1 0
-0.00644876 5.18846 5.18846 1 1 0
-0.00909791 5.20619 5.20619 1 1 0
-0.0117283 5.22393 5.22393 1 1 0
-0.01434 5.24166 5.24166 1 1 0
-0.0169333 5.2594 5.2594 1 1 0
-0.0195084 5.27714 5.27714 1 1 0
-0.0220654 5.29488 5.29488 1 1 0
-0.0246045 5.31262 5.31262 1 1 0
-0.027126 5.33037 5.33037 1 1 0
-0.02963 5.34812 5.34812 1 1 0
-0.0321167 5.36587 5.36587 1 1 0
-0.0345862 5.38362 5.38362 1 1 0
-0.0370388 5.40137 5.40137 1 1 0
-0.0394745 5.41913 5.41913 1 1 0
-0.0418936 5.43689 5.43689 1 1 0
-0.0442963 5.45464 5.45464 1 1 0
-0.0466826 5.47241 5.47241 1 1 0
-0.0490529 5.49017 5.49017 1 1 0
-0.0514071 5.50793 5.50793 1 1 0
-0.0537455 5.5257 5.5257 1 1 0
-0.0560683 5.54347 5.54347 1 1 0
-0.0583755 5.56123 5.56123 1 1 0
-0.0606674 5.57901 5.57901 1 1 0
-0.0629441 5.59678 5.59678 1 1 0
-0.0652057 5.61455 5.61455 1 1 0
-0.0674524 5.63233 5.63233 1 1 0
-0.0696844 5.6501 5.6501 1 1 0
-0.0719017 5.66788 5.66788 1 1 0
-0.0741045 5.68566 5.68566 1 1 0
-0.076293 5.70344 5.70344 1 1 0
-0.0784673 5.72123 5.72123 1 1 0
-0.0806275 5.73901 5.73901 1 1 0
-0.0827738 5.75679 5.75679 1 1 0
-0.0849063 5.77458 5.77458 1 1 0
-0.0870252 5.79237 5.79237 1 1 0
-0.0891305 5.81016 5.81016 1 1 0
-0.0912223 5.82795 5.82795 1 1 0
-0.0933009 5.84574 5.84574 1 1 0
-0.0953664 5.86353 5.86353 1 1 0
-0.0974188 5.88133 5.88133 1 1 0
-0.0994582 5.89912 5.89912 1 1 0
-0.101485 5.91692 5.91692 1 1 0
-0.103499 5.93472 5.93472 1 1 0
-0.1055 5.95252 5.95252 1 1 0
-0.107489 5.97032 5.97032 1 1 0
-0.109466 5.98812 5.98812 1 1 0
-0.111431 6.00592 6.00592 1 1 0
-0.113383 6.02372 6.02372 1 1 0
-0.115323 6.04153 6.04153 1 1 0
-0.117252 6.05933 6.05933 1 1 0
-0.119169 6.07714 6.07714 1 1 0
-0.121074 6.09494 6.09494 1 1 0
-0.122967 6.11275 6.11275 1 1 0
-0.124849 6.13056 6.13056 1 1 0
-0.12672 6.14837 6.14837 1 1 0
-0.12858 6.16618 6.16618 1 1 0
-0.130428 6.18399 6.18399 1 1 0
-0.132265 6.20181 6.20181 1 1 0
-0.134091 6.21962 6.21962 1 1 0
-0.135907 6.23744 6.23744 1 1 0
-0.137712 6.25525 6.25525 1 1 0
-0.139506 6.27307 6.27307 1 1 0
-0.141289 6.29089 6.29089 1 1 0
-0.143062 6.3087 6.3087 1 1 0
-0.144825 6.32652 6.32652 1 1 0
-0.146577 6.34434 6.34434 1 1 0
-0.148319 6.36216 6.36216 1 1 0
-0.150051 6.37998 6.37998 1 1 0
-0.151773 6.39781 6.39781 1 1 0
-0.153485 6.41563 6.41563 1 1 0
-0.155188 6.43345 6.43345 1 1 0
-0.15688 6.45128 6.45128 1 1 0
-0.158563 6.4691 6.4691 1 1 0
-0.160236 6.48693 6.48693 1 1 0
-0.1619 6.50475 6.50475 1 1 0
-0.163554 6.52258 6.52258 1 1 0
-0.165199 6.54041 6.54041 1 1 0
-0.166834 6.55824 6.55824 1 1 0
-0.168461 6.57607 6.57607 1 1 0
-0.170078 6.5939 6.5939 1 1 0
-0.171686 6.61173 6.61173 1 1 0
-0.173285 6.62956 6.62956 1 1 0
-0.174876 6.64739 6.64739 1 1 0
-0.176457 6.66522 6.66522 1 1 0
-0.17803 6.68306 6.68306 1 1 0
-0.179594 6.70089 6.70089 1 1 0
-0.18115 6.71873 6.71873 1 1 0
-0.182697 6.73656 6.73656 1 1 0
-0.184235 6.7544 6.7544 1 1 0
-0.185765 6.77223 6.77223 1 1 0
-0.187287 6.79007 6.79007 1 1 0
-0.188801 6.80791 6.80791 1 1 0
-0.190306 6.82574 6.82574 1 1 0
-0.191803 6.84358 6.84358 1 1 0
-0.193292 6.86142 6.86142 1 1 0
-0.194774 6.87926 6.87926 1 1 0
-0.196247 6.8971 6.8971 1 1 0
-0.197712 6.91494 6.91494 1 1 0
-0.19917 6.93278 6.93278 1 1 0
-0.20062 6.95062 6.95062 1 1 0
-0.202062 6.96847 6.96847 1 1 0
-0.203497 6.98631 6.98631 1 1 0
-0.204924 7.00415 7.00415 1 1 0
-0.206343 7.02199 7.02199 1 1 0
-0.207755 7.03984 7.03984 1 1 0
-0.20916 7.05768 7.05768 1 1 0
-0.210558 7.07553 7.07553 1 1 0
-0.211948 7.09337 7.09337 1 1 0
-0.213331 7.11122 7.11122 1 1 0
-0.214707 7.12906 7.12906 1 1 0
-0.216076 7.14691 7.14691 1 1 0
-0.217437 7.16476 7.16476 1 1 0
-0.218792 7.18261 7.18261 1 1 0
-0.22014 7.20045 7.20045 1 1 0
-0.221481 7.2183 7.2183 1 1 0
-0.222815 7.23615 7.23615 1 1 0
-0.224142 7.254 7.254 1 1 0
-0.225463 7.27185 7.27185 1 1 0
-0.226777 7.2897 7.2897 1 1 0
-0.228084 7.30755 7.30755 1 1 0
-0.229385 7.3254 7.3254 1 1 0
-0.23068 7.34325 7.34325 1 1 0
-0.231968 7.3611 7.3611 1 1 0
-0.233249 7.37895 7.37895 1 1 0
-0.234524 7.39681 7.39681 1 1 0
-0.235793 7.41466 7.41466 1 1 0
-0.237055 7.43251 7.43251 1 1 0
-0.238312 7.45036 7.45036 1 1 0
-0.239562 7.46822 7.46822 1 1 0
-0.240806 7.48607 7.48607 1 1 0
-0.242044 7.50393 7.50393 1 1 0
-0.243276 7.52178 7.52178 1 1 0
-0.244501 7.53964 7.53964 1 1 0
-0.245721 7.55749 7.55749 1 1 0
-0.246935 7.57535 7.57535 1 1 0
-0.248144 7.5932 7.5932 1 1 0
-0.249346 7.61106 7.61106 1 1 0
-0.250542 7.62892 7.62892 1 1 0
-0.251733 7.64677 7.64677 1 1 0
-0.252918 7.66463 7.66463 1 1 0
-0.254098 7.68249 7.68249 1 1 0
-0.255272 7.70034 7.70034 1 1 0
-0.25644 7.7182 7.7182 1 1 0
-0.257603 7.73606 7.73606 1 1 0
-0.25876 7.75392 7.75392 1 1 0
-0.259912 7.77178 7.77178 1 1 0
-0.261058 7.78964 7.78964 1 1 0
-0.262199 7.8075 7.8075 1 1 0
-0.263335 7.82536 7.82536 1 1 0
-0.264466 7.84322 7.84322 1 1 0
-0.265591 7.86108 7.86108 1 1 0
-0.266711 7.87894 7.87894 1 1 0
-0.267825 7.8968 7.8968 1 1 0
-0.268935 7.91466 7.91466 1 1 0
-0.27004 7.93252 7.93252 1 1 0
-0.271139 7.95038 7.95038 1 1 0
-0.272233 7.96824 7.96824 1 1 0
-0.273323 7.98611 7.98611 1 1 0
-0.274407 8.00397 8.00397 1 1 0
-0.275487 8.02183 8.02183 1 1 0
-0.276561 8.03969 8.03969 1 1 0
-0.277631 8.05756 8.05756 1 1 0
-0.278696 8.07542 8.07542 1 1 0
-0.279756 8.09328 8.09328 1 1 0
-0.280811 8.11115 8.11115 1 1 0
-0.281862 8.12901 8.12901 1 1 0
-0.282907 8.14687 8.14687 1 1 0
