5 0.00635783 0.00635783 2 1 0
5.0375 0.0063022 0.0063022 1 1 0
5.0563 0.00627486 0.00627486 1 1 0
5.07511 0.00624774 0.00624774 1 1 0
5.09395 0.00622081 0.00622081 1 1 0
5.1128 0.0061941 0.0061941 1 1 0
5.13167 0.00616759 0.00616759 1 1 0
5.15056 0.00614128 0.00614128 1 1 0
5.16946 0.00611517 0.00611517 1 1 0
5.18838 0.00608925 0.00608925 1 1 0
5.20732 0.00606354 0.00606354 1 1 0
5.22628 0.00603802 0.00603802 1 1 0
5.24525 0.00601269 0.00601269 1 1 0
5.26424 0.00598755 0.00598755 1 1 0
5.28324 0.0059626 0.0059626 1 1 0
5.30226 0.00593785 0.00593785 1 1 0
5.32129 0.00591327 0.00591327 1 1 0
5.34034 0.00588888 0.00588888 1 1 0
5.3594 0.00586468 0.00586468 1 1 0
5.37848 0.00584065 0.00584065 1 1 0
5.39757 0.00581681 0.00581681 1 1 0
5.41667 0.00579314 0.00579314 1 1 0
5.43579 0.00576965 0.00576965 1 1 0
5.45492 0.00574633 0.00574633 1 1 0
5.47407 0.00572319 0.00572319 1 1 0
5.49323 0.00570021 0.00570021 1 1 0
5.5124 0.00567741 0.00567741 1 1 0
5.53158 0.00565477 0.00565477 1 1 0
5.55077 0.00563231 0.00563231 1 1 0
5.56998 0.00561 0.00561 1 1 0
5.5892 0.00558786 0.00558786 1 1 0
5.60843 0.00556589 0.00556589 1 1 0
5.62767 0.00554407 0.00554407 1 1 0
5.64692 0.00552241 0.00552241 1 1 0
5.66619 0.00550091 0.00550091 1 1 0
5.68546 0.00547957 0.00547957 1 1 0
5.70475 0.00545838 0.00545838 1 1 0
5.72405 0.00543734 0.00543734 1 1 0
5.74335 0.00541646 0.00541646 1 1 0
5.76267 0.00539572 0.00539572 1 1 0
5.782 0.00537514 0.00537514 1 1 0
5.80133 0.0053547 0.0053547 1 1 0
5.82068 0.00533441 0.00533441 1 1 0
5.84003 0.00531426 0.00531426 1 1 0
5.8594 0.00529426 0.00529426 1 1 0
5.87877 0.0052744 0.0052744 1 1 0
5.89816 0.00525468 0.00525468 1 1 0
5.91755 0.0052351 0.0052351 1 1 0
5.93695 0.00521565 0.00521565 1 1 0
5.95636 0.00519635 0.00519635 1 1 0
5.97577 0.00517718 0.00517718 1 1 0
5.9952 0.00515814 0.00515814 1 1 0
6.01463 0.00513924 0.00513924 1 1 0
6.03407 0.00512047 0.00512047 1 1 0
6.05352 0.00510183 0.00510183 1 1 0
6.07298 0.00508332 0.00508332 1 1 0
6.09245 0.00506494 0.00506494 1 1 0
6.11192 0.00504669 0.00504669 1 1 0
6.1314 0.00502856 0.00502856 1 1 0
6.15089 0.00501056 0.00501056 1 1 0
6.17038 0.00499268 0.00499268 1 1 0
6.18988 0.00497492 0.00497492 1 1 0
6.20939 0.00495728 0.00495728 1 1 0
6.2289 0.00493977 0.00493977 1 1 0
6.24842 0.00492237 0.00492237 1 1 0
6.26795 0.00490509 0.00490509 1 1 0
6.28749 0.00488793 0.00488793 1 1 0
6.30703 0.00487088 0.00487088 1 1 0
6.32657 0.00485395 0.00485395 1 1 0
6.34613 0.00483713 0.00483713 1 1 0
6.36569 0.00482043 0.00482043 1 1 0
6.38525 0.00480383 0.00480383 1 1 0
6.40482 0.00478735 0.00478735 1 1 0
6.4244 0.00477098 0.00477098 1 1 0
6.44398 0.00475472 0.00475472 1 1 0
6.46357 0.00473856 0.00473856 1 1 0
6.48316 0.00472251 0.00472251 1 1 0
6.50276 0.00470656 0.00470656 1 1 0
6.52237 0.00469072 0.00469072 1 1 0
6.54198 0.00467499 0.00467499 1 1 0
6.56159 0.00465936 0.00465936 1 1 0
6.58121 0.00464383 0.00464383 1 1 0
6.60083 0.0046284 0.0046284 1 1 0
6.62046 0.00461307 0.00461307 1 1 0
6.6401 0.00459784 0.00459784 1 1 0
6.65974 0.0045827 0.0045827 1 1 0
6.67938 0.00456767 0.00456767 1 1 0
6.69903 0.00455273 0.00455273 1 1 0
6.71868 0.00453789 0.00453789 1 1 0
6.73834 0.00452314 0.00452314 1 1 0
6.758 0.00450849 0.00450849 1 1 0
6.77767 0.00449393 0.00449393 1 1 0
6.79734 0.00447946 0.00447946 1 1 0
6.81701 0.00446508 0.00446508 1 1 0
6.83669 0.0044508 0.0044508 1 1 0
6.85637 0.0044366 0.0044366 1 1 0
6.87606 0.00442249 0.00442249 1 1 0
6.89575 0.00440847 0.00440847 1 1 0
6.91544 0.00439454 0.00439454 1 1 0
6.93514 0.0043807 0.0043807 1 1 0
6.95484 0.00436694 0.00436694 1 1 0
6.97455 0.00435327 0.00435327 1 1 0
6.99426 0.00433968 0.00433968 1 1 0
7.01397 0.00432618 0.00432618 1 1 0
7.03369 0.00431275 0.00431275 1 1 0
7.05341 0.00429941 0.00429941 1 1 0
7.07313 0.00428616 0.00428616 1 1 0
7.09286 0.00427298 0.00427298 1 1 0
7.11259 0.00425988 0.00425988 1 1 0
7.13232 0.00424687 0.00424687 1 1 0
7.15206 0.00423393 0.00423393 1 1 0
7.1718 0.00422107 0.00422107 1 1 0
7.19154 0.00420829 0.00420829 1 1 0
7.21129 0.00419558 0.00419558 1 1 0
7.23104 0.00418295 0.00418295 1 1 0
7.25079 0.0041704 0.0041704 1 1 0
7.27055 0.00415792 0.00415792 1 1 0
7.2903 0.00414552 0.00414552 1 1 0
7.31006 0.00413318 0.00413318 1 1 0
7.32983 0.00412093 0.00412093 1 1 0
7.34959 0.00410874 0.00410874 1 1 0
7.36936 0.00409663 0.00409663 1 1 0
7.38914 0.00408459 0.00408459 1 1 0
7.40891 0.00407261 0.00407261 1 1 0
7.42869 0.00406071 0.00406071 1 1 0
7.44847 0.00404888 0.00404888 1 1 0
7.46825 0.00403712 0.00403712 1 1 0
7.48804 0.00402542 0.00402542 1 1 0
7.50782 0.00401379 0.00401379 1 1 0
7.52761 0.00400223 0.00400223 1 1 0
7.54741 0.00399074 0.00399074 1 1 0
7.5672 0.00397931 0.00397931 1 1 0
7.587 0.00396795 0.00396795 1 1 0
7.6068 0.00395665 0.00395665 1 1 0
7.6266 0.00394542 0.00394542 1 1 0
7.6464 0.00393425 0.00393425 1 1 0
7.66621 0.00392314 0.00392314 1 1 0
7.68602 0.0039121 0.0039121 1 1 0
7.70583 0.00390112 0.00390112 1 1 0
7.72564 0.0038902 0.0038902 1 1 0
7.74546 0.00387934 0.00387934 1 1 0
7.76527 0.00386854 0.00386854 1 1 0
7.78509 0.00385781 0.00385781 1 1 0
7.80491 0.00384713 0.00384713 1 1 0
7.82474 0.00383651 0.00383651 1 1 0
7.84456 0.00382595 0.00382595 1 1 0
7.86439 0.00381545 0.00381545 1 1 0
7.88422 0.00380501 0.00380501 1 1 0
7.90405 0.00379463 0.00379463 1 1 0
7.92388 0.0037843 0.0037843 1 1 0
7.94372 0.00377403 0.00377403 1 1 0
7.96355 0.00376381 0.00376381 1 1 0
7.98339 0.00375365 0.00375365 1 1 0
8.00323 0.00374355 0.00374355 1 1 0
8.02307 0.0037335 0.0037335 1 1 0
8.04292 0.00372351 0.00372351 1 1 0
8.06276 0.00371357 0.00371357 1 1 0
8.08261 0.00370368 0.00370368 1 1 0
8.10246 0.00369384 0.00369384 1 1 0
8.12231 0.00368406 0.00368406 1 1 0
8.14216 0.00367433 0.00367433 1 1 0
8.16201 0.00366466 0.00366466 1 1 0
8.18186 0.00365503 0.00365503 1 1 0
8.20172 0.00364546 0.00364546 1 1 0
8.22158 0.00363593 0.00363593 1 1 0
8.24144 0.00362646 0.00362646 1 1 0
8.2613 0.00361703 0.00361703 1 1 0
8.28116 0.00360766 0.00360766 1 1 0
8.30102 0.00359833 0.00359833 1 1 0
8.32089 0.00358906 0.00358906 1 1 0
8.34076 0.00357983 0.00357983 1 1 0
8.36062 0.00357065 0.00357065 1 1 0
8.38049 0.00356152 0.00356152 1 1 0
8.40036 0.00355243 0.00355243 1 1 0
8.42024 0.00354339 0.00354339 1 1 0
8.44011 0.0035344 0.0035344 1 1 0
8.45998 0.00352546 0.00352546 1 1 0
8.47986 0.00351656 0.00351656 1 1 0
8.49974 0.0035077 0.0035077 1 1 0
8.51962 0.00349889 0.00349889 1 1 0
8.5395 0.00349013 0.00349013 1 1 0
8.55938 0.00348141 0.00348141 1 1 0
8.57926 0.00347274 0.00347274 1 1 0
8.59914 0.00346411 0.00346411 1 1 0
8.61903 0.00345552 0.00345552 1 1 0
8.63891 0.00344697 0.00344697 1 1 0
8.6588 0.00343847 0.00343847 1 1 0
8.67869 0.00343001 0.00343001 1 1 0
8.69857 0.0034216 0.0034216 1 1 0
8.71847 0.00341322 0.00341322 1 1 0
8.73836 0.00340489 0.00340489 1 1 0
8.75825 0.0033966 0.0033966 1 1 0
8.77814 0.00338835 0.00338835 1 1 0
8.79804 0.00338014 0.00338014 1 1 0
8.81793 0.00337197 0.00337197 1 1 0
8.83783 0.00336384 0.00336384 1 1 0
8.85773 0.00335575 0.00335575 1 1 0
8.87762 0.0033477 0.0033477 1 1 0
8.89752 0.00333969 0.00333969 1 1 0
8.91742 0.00333172 0.00333172 1 1 0
8.91742 0.00333172 0.00333172 2 1 0
8.95723 0.00331589 0.00331589 1 1 0
8.97713 0.00330804 0.00330804 1 1 0
8.99704 0.00330022 0.00330022 1 1 0
9.01694 0.00329244 0.00329244 1 1 0
9.03685 0.0032847 0.0032847 1 1 0
9.05675 0.00327699 0.00327699 1 1 0
9.07666 0.00326932 0.00326932 1 1 0
9.09657 0.00326169 0.00326169 1 1 0
9.11648 0.00325409 0.00325409 1 1 0
9.13639 0.00324653 0.00324653 1 1 0
9.1563 0.00323901 0.00323901 1 1 0
9.17621 0.00323152 0.00323152 1 1 0
9.19613 0.00322407 0.00322407 1 1 0
9.21604 0.00321665 0.00321665 1 1 0
9.23596 0.00320927 0.00320927 1 1 0
9.25587 0.00320192 0.00320192 1 1 0
9.27579 0.00319461 0.00319461 1 1 0
9.2957 0.00318733 0.00318733 1 1 0
9.31562 0.00318008 0.00318008 1 1 0
9.33554 0.00317287 0.00317287 1 1 0
9.35546 0.00316569 0.00316569 1 1 0
9.37538 0.00315854 0.00315854 1 1 0
9.3953 0.00315143 0.00315143 1 1 0
9.41522 0.00314435 0.00314435 1 1 0
9.43514 0.0031373 0.0031373 1 1 0
9.45507 0.00313029 0.00313029 1 1 0
9.47499 0.0031233 0.0031233 1 1 0
9.49492 0.00311635 0.00311635 1 1 0
9.51484 0.00310943 0.00310943 1 1 0
9.53477 0.00310255 0.00310255 1 1 0
9.55469 0.00309569 0.00309569 1 1 0
9.57462 0.00308886 0.00308886 1 1 0
9.59455 0.00308207 0.00308207 1 1 0
9.61448 0.0030753 0.0030753 1 1 0
9.63441 0.00306857 0.00306857 1 1 0
9.65434 0.00306187 0.00306187 1 1 0
9.67427 0.00305519 0.00305519 1 1 0
9.6942 0.00304855 0.00304855 1 1 0
9.71413 0.00304194 0.00304194 1 1 0
9.73406 0.00303535 0.00303535 1 1 0
9.75399 0.0030288 0.0030288 1 1 0
9.77393 0.00302227 0.00302227 1 1 0
9.79386 0.00301577 0.00301577 1 1 0
9.81379 0.0030093 0.0030093 1 1 0
9.83373 0.00300286 0.00300286 1 1 0
9.85367 0.00299645 0.00299645 1 1 0
9.8736 0.00299007 0.00299007 1 1 0
9.89354 0.00298371 0.00298371 1 1 0
9.91348 0.00297738 0.00297738 1 1 0
9.93341 0.00297108 0.00297108 1 1 0
9.95335 0.00296481 0.00296481 1 1 0
9.97329 0.00295856 0.00295856 1 1 0
9.99323 0.00295234 0.00295234 1 1 0
10.0132 0.00294615 0.00294615 1 1 0
10.0331 0.00293998 0.00293998 1 1 0
10.0531 0.00293384 0.00293384 1 1 0
10.073 0.00292773 0.00292773 1 1 0
10.0929 0.00292164 0.00292164 1 1 0
10.1129 0.00291558 0.00291558 1 1 0
10.1328 0.00290955 0.00290955 1 1 0
10.1528 0.00290354 0.00290354 1 1 0
10.1727 0.00289755 0.00289755 1 1 0
10.1927 0.0028916 0.0028916 1 1 0
10.2126 0.00288566 0.00288566 1 1 0
10.2325 0.00287975 0.00287975 1 1 0
10.2525 0.00287387 0.00287387 1 1 0
10.2724 0.00286801 0.00286801 1 1 0
10.2924 0.00286218 0.00286218 1 1 0
10.3123 0.00285637 0.00285637 1 1 0
10.3323 0.00285058 0.00285058 1 1 0
10.3522 0.00284482 0.00284482 1 1 0
10.3722 0.00283908 0.00283908 1 1 0
10.3921 0.00283337 0.00283337 1 1 0
10.4121 0.00282768 0.00282768 1 1 0
10.432 0.00282202 0.00282202 1 1 0
10.452 0.00281637 0.00281637 1 1 0
10.4719 0.00281075 0.00281075 1 1 0
10.4919 0.00280516 0.00280516 1 1 0
10.5118 0.00279958 0.00279958 1 1 0
10.5318 0.00279403 0.00279403 1 1 0
10.5517 0.0027885 0.0027885 1 1 0
10.5717 0.002783 0.002783 1 1 0
10.5916 0.00277751 0.00277751 1 1 0
10.6116 0.00277205 0.00277205 1 1 0
10.6315 0.00276661 0.00276661 1 1 0
10.6515 0.0027612 0.0027612 1 1 0
10.6714 0.0027558 0.0027558 1 1 0
10.6914 0.00275043 0.00275043 1 1 0
10.7114 0.00274508 0.00274508 1 1 0
10.7313 0.00273975 0.00273975 1 1 0
10.7513 0.00273444 0.00273444 1 1 0
10.7712 0.00272915 0.00272915 1 1 0
10.7912 0.00272389 0.00272389 1 1 0
10.8111 0.00271864 0.00271864 1 1 0
10.8311 0.00271341 0.00271341 1 1 0
10.8511 0.00270821 0.00270821 1 1 0
10.871 0.00270303 0.00270303 1 1 0
10.891 0.00269786 0.00269786 1 1 0
10.9109 0.00269272 0.00269272 1 1 0
10.9309 0.0026876 0.0026876 1 1 0
10.9508 0.0026825 0.0026825 1 1 0
10.9708 0.00267742 0.00267742 1 1 0
10.9908 0.00267235 0.00267235 1 1 0
11.0107 0.00266731 0.00266731 1 1 0
11.0307 0.00266229 0.00266229 1 1 0
11.0507 0.00265728 0.00265728 1 1 0
11.0706 0.0026523 0.0026523 1 1 0
11.0906 0.00264733 0.00264733 1 1 0
11.1105 0.00264239 0.00264239 1 1 0
11.1305 0.00263746 0.00263746 1 1 0
11.1505 0.00263256 0.00263256 1 1 0
11.1704 0.00262767 0.00262767 1 1 0
11.1904 0.0026228 0.0026228 1 1 0
11.2103 0.00261795 0.00261795 1 1 0
11.2303 0.00261311 0.00261311 1 1 0
11.2503 0.0026083 0.0026083 1 1 0
11.2702 0.0026035 0.0026035 1 1 0
11.2902 0.00259873 0.00259873 1 1 0
11.3102 0.00259397 0.00259397 1 1 0
11.3301 0.00258922 0.00258922 1 1 0
11.3501 0.0025845 0.0025845 1 1 0
11.3701 0.0025798 0.0025798 1 1 0
11.39 0.00257511 0.00257511 1 1 0
11.41 0.00257044 0.00257044 1 1 0
11.43 0.00256578 0.00256578 1 1 0
11.4499 0.00256115 0.00256115 1 1 0
11.4699 0.00255653 0.00255653 1 1 0
11.4899 0.00255193 0.00255193 1 1 0
11.5098 0.00254735 0.00254735 1 1 0
11.5298 0.00254278 0.00254278 1 1 0
11.5498 0.00253823 0.00253823 1 1 0
11.5697 0.0025337 0.0025337 1 1 0
11.5897 0.00252918 0.00252918 1 1 0
11.6097 0.00252468 0.00252468 1 1 0
11.6296 0.0025202 0.0025202 1 1 0
11.6496 0.00251573 0.00251573 1 1 0
11.6696 0.00251128 0.00251128 1 1 0
11.6895 0.00250685 0.00250685 1 1 0
11.7095 0.00250243 0.00250243 1 1 0
11.7295 0.00249803 0.00249803 1 1 0
11.7495 0.00249364 0.00249364 1 1 0
11.7694 0.00248927 0.00248927 1 1 0
11.7894 0.00248492 0.00248492 1 1 0
11.8094 0.00248058 0.00248058 1 1 0
11.8293 0.00247626 0.00247626 1 1 0
11.8493 0.00247195 0.00247195 1 1 0
11.8693 0.00246766 0.00246766 1 1 0
11.8892 0.00246338 0.00246338 1 1 0
11.9092 0.00245912 0.00245912 1 1 0
11.9292 0.00245488 0.00245488 1 1 0
11.9492 0.00245065 0.00245065 1 1 0
11.9691 0.00244643 0.00244643 1 1 0
11.9891 0.00244223 0.00244223 1 1 0
12.0091 0.00243805 0.00243805 1 1 0
12.0291 0.00243388 0.00243388 1 1 0
12.049 0.00242972 0.00242972 1 1 0
12.069 0.00242558 0.00242558 1 1 0
12.089 0.00242146 0.00242146 1 1 0
12.1089 0.00241735 0.00241735 1 1 0
12.1289 0.00241325 0.00241325 1 1 0
12.1489 0.00240917 0.00240917 1 1 0
12.1689 0.0024051 0.0024051 1 1 0
12.1888 0.00240105 0.00240105 1 1 0
12.2088 0.00239701 0.00239701 1 1 0
12.2288 0.00239298 0.00239298 1 1 0
12.2488 0.00238897 0.00238897 1 1 0
12.2687 0.00238497 0.00238497 1 1 0
12.2887 0.00238099 0.00238099 1 1 0
12.3087 0.00237702 0.00237702 1 1 0
12.3287 0.00237306 0.00237306 1 1 0
12.3486 0.00236912 0.00236912 1 1 0
12.3686 0.00236519 0.00236519 1 1 0
12.3886 0.00236127 0.00236127 1 1 0
12.4086 0.00235737 0.00235737 1 1 0
12.4285 0.00235348 0.00235348 1 1 0
12.4485 0.00234961 0.00234961 1 1 0
12.4685 0.00234575 0.00234575 1 1 0
12.4885 0.0023419 0.0023419 1 1 0
12.5085 0.00233806 0.00233806 1 1 0
12.5284 0.00233424 0.00233424 1 1 0
12.5484 0.00233043 0.00233043 1 1 0
12.5684 0.00232663 0.00232663 1 1 0
12.5884 0.00232285 0.00232285 1 1 0
12.6083 0.00231908 0.00231908 1 1 0
12.6283 0.00231532 0.00231532 1 1 0
12.6483 0.00231157 0.00231157 1 1 0
12.6683 0.00230784 0.00230784 1 1 0
12.6883 0.00230412 0.00230412 1 1 0
12.7082 0.00230041 0.00230041 1 1 0
12.7282 0.00229671 0.00229671 1 1 0
12.7482 0.00229303 0.00229303 1 1 0
12.7682 0.00228936 0.00228936 1 1 0
12.7881 0.0022857 0.0022857 1 1 0
12.8081 0.00228205 0.00228205 1 1 0
12.8281 0.00227842 0.00227842 1 1 0
12.8481 0.0022748 0.0022748 1 1 0
12.8681 0.00227118 0.00227118 1 1 0
12.888 0.00226759 0.00226759 1 1 0
12.908 0.002264 0.002264 1 1 0
12.908 0.002264 0.002264 2 1 0
12.948 0.00225686 0.00225686 1 1 0
12.968 0.00225331 0.00225331 1 1 0
12.9879 0.00224977 0.00224977 1 1 0
13.0079 0.00224624 0.00224624 1 1 0
13.0279 0.00224272 0.00224272 1 1 0
13.0479 0.00223922 0.00223922 1 1 0
13.0679 0.00223572 0.00223572 1 1 0
13.0879 0.00223224 0.00223224 1 1 0
13.1078 0.00222877 0.00222877 1 1 0
13.1278 0.00222531 0.00222531 1 1 0
13.1478 0.00222186 0.00222186 1 1 0
13.1678 0.00221842 0.00221842 1 1 0
13.1878 0.00221499 0.00221499 1 1 0
13.2077 0.00221157 0.00221157 1 1 0
13.2277 0.00220817 0.00220817 1 1 0
13.2477 0.00220477 0.00220477 1 1 0
13.2677 0.00220139 0.00220139 1 1 0
13.2877 0.00219802 0.00219802 1 1 0
13.3077 0.00219466 0.00219466 1 1 0
13.3276 0.00219131 0.00219131 1 1 0
13.3476 0.00218797 0.00218797 1 1 0
13.3676 0.00218464 0.00218464 1 1 0
13.3876 0.00218132 0.00218132 1 1 0
13.4076 0.00217801 0.00217801 1 1 0
13.4275 0.00217471 0.00217471 1 1 0
13.4475 0.00217142 0.00217142 1 1 0
13.4675 0.00216814 0.00216814 1 1 0
13.4875 0.00216487 0.00216487 1 1 0
13.5075 0.00216162 0.00216162 1 1 0
13.5275 0.00215837 0.00215837 1 1 0
13.5474 0.00215513 0.00215513 1 1 0
13.5674 0.00215191 0.00215191 1 1 0
13.5874 0.00214869 0.00214869 1 1 0
13.6074 0.00214548 0.00214548 1 1 0
13.6274 0.00214229 0.00214229 1 1 0
13.6474 0.0021391 0.0021391 1 1 0
13.6674 0.00213592 0.00213592 1 1 0
13.6873 0.00213276 0.00213276 1 1 0
13.7073 0.0021296 0.0021296 1 1 0
13.7273 0.00212645 0.00212645 1 1 0
13.7473 0.00212331 0.00212331 1 1 0
13.7536 0.00212233 0.00212233 1 1 0
13.7736 0.0021192 0.0021192 2 1 0
13.7936 0.00211609 0.00211609 2 1 0
13.8135 0.00211298 0.00211298 2 1 0
13.8335 0.00210988 0.00210988 2 1 0
13.8535 0.0021068 0.0021068 2 1 0
13.8735 0.00210372 0.00210372 2 1 0
13.8935 0.00210065 0.00210065 2 1 0
13.9135 0.00209759 0.00209759 2 1 0
13.9334 0.00209454 0.00209454 2 1 0
13.9534 0.0020915 0.0020915 2 1 0
13.9734 0.00208847 0.00208847 2 1 0
13.9934 0.00208545 0.00208545 2 1 0
14.0134 0.00208243 0.00208243 2 1 0
14.0334 0.00207943 0.00207943 2 1 0
14.0534 0.00207643 0.00207643 2 1 0
14.0733 0.00207345 0.00207345 2 1 0
14.0933 0.00207047 0.00207047 2 1 0
14.1133 0.0020675 0.0020675 2 1 0
14.1333 0.00206454 0.00206454 2 1 0
14.1533 0.00206159 0.00206159 2 1 0
14.1733 0.00205865 0.00205865 2 1 0
14.1933 0.00205572 0.00205572 2 1 0
14.2133 0.00205279 0.00205279 2 1 0
14.2332 0.00204988 0.00204988 2 1 0
14.2532 0.00204697 0.00204697 2 1 0
14.2732 0.00204407 0.00204407 2 1 0
14.2932 0.00204118 0.00204118 2 1 0
14.3132 0.0020383 0.0020383 2 1 0
14.3332 0.00203543 0.00203543 2 1 0
14.3532 0.00203256 0.00203256 2 1 0
14.3731 0.00202971 0.00202971 2 1 0
14.3931 0.00202686 0.00202686 2 1 0
14.4131 0.00202402 0.00202402 2 1 0
14.4331 0.00202119 0.00202119 2 1 0
14.4531 0.00201837 0.00201837 2 1 0
14.4731 0.00201555 0.00201555 2 1 0
14.4931 0.00201275 0.00201275 2 1 0
14.5131 0.00200995 0.00200995 2 1 0
14.533 0.00200716 0.00200716 2 1 0
14.553 0.00200438 0.00200438 2 1 0
14.573 0.0020016 0.0020016 2 1 0
14.593 0.00199884 0.00199884 2 1 0
14.613 0.00199608 0.00199608 2 1 0
14.633 0.00199333 0.00199333 2 1 0
14.653 0.00199059 0.00199059 2 1 0
14.673 0.00198785 0.00198785 2 1 0
14.693 0.00198513 0.00198513 2 1 0
14.7129 0.00198241 0.00198241 2 1 0
14.7329 0.0019797 0.0019797 2 1 0
14.7529 0.00197699 0.00197699 2 1 0
14.7729 0.0019743 0.0019743 2 1 0
14.7929 0.00197161 0.00197161 2 1 0
14.8129 0.00196893 0.00196893 2 1 0
14.8329 0.00196626 0.00196626 2 1 0
14.8529 0.00196359 0.00196359 2 1 0
14.8729 0.00196094 0.00196094 2 1 0
14.8928 0.00195829 0.00195829 2 1 0
14.9128 0.00195564 0.00195564 2 1 0
14.9328 0.00195301 0.00195301 2 1 0
14.9528 0.00195038 0.00195038 2 1 0
14.9728 0.00194776 0.00194776 2 1 0
14.9928 0.00194515 0.00194515 2 1 0
15.0128 0.00194254 0.00194254 2 1 0
15.0328 0.00193994 0.00193994 2 1 0
15.0528 0.00193735 0.00193735 2 1 0
15.0727 0.00193477 0.00193477 2 1 0
15.0927 0.00193219 0.00193219 2 1 0
15.1127 0.00192962 0.00192962 2 1 0
15.1327 0.00192706 0.00192706 2 1 0
15.1527 0.00192451 0.00192451 2 1 0
15.1727 0.00192196 0.00192196 2 1 0
15.1927 0.00191942 0.00191942 2 1 0
15.2127 0.00191688 0.00191688 2 1 0
15.2327 0.00191436 0.00191436 2 1 0
15.2527 0.00191184 0.00191184 2 1 0
15.2726 0.00190932 0.00190932 2 1 0
15.2926 0.00190682 0.00190682 2 1 0
15.3126 0.00190432 0.00190432 2 1 0
15.3326 0.00190182 0.00190182 2 1 0
15.3526 0.00189934 0.00189934 2 1 0
15.3726 0.00189686 0.00189686 2 1 0
15.3926 0.00189439 0.00189439 2 1 0
15.4126 0.00189192 0.00189192 2 1 0
15.4326 0.00188946 0.00188946 2 1 0
15.4526 0.00188701 0.00188701 2 1 0
15.4725 0.00188456 0.00188456 2 1 0
15.4925 0.00188213 0.00188213 2 1 0
15.5125 0.00187969 0.00187969 2 1 0
15.5325 0.00187727 0.00187727 2 1 0
15.5525 0.00187485 0.00187485 2 1 0
15.5725 0.00187244 0.00187244 2 1 0
15.5925 0.00187003 0.00187003 2 1 0
15.6125 0.00186763 0.00186763 2 1 0
15.6325 0.00186524 0.00186524 2 1 0
15.6525 0.00186285 0.00186285 2 1 0
15.6725 0.00186047 0.00186047 2 1 0
15.6924 0.0018581 0.0018581 2 1 0
15.7124 0.00185573 0.00185573 2 1 0
15.7324 0.00185337 0.00185337 2 1 0
15.7524 0.00185101 0.00185101 2 1 0
15.7724 0.00184866 0.00184866 2 1 0
15.7924 0.00184632 0.00184632 2 1 0
15.8124 0.00184398 0.00184398 2 1 0
15.8324 0.00184165 0.00184165 2 1 0
15.8524 0.00183933 0.00183933 2 1 0
15.8724 0.00183701 0.00183701 2 1 0
15.8924 0.0018347 0.0018347 2 1 0
15.9124 0.00183239 0.00183239 2 1 0
15.9323 0.00183009 0.00183009 2 1 0
15.9523 0.0018278 0.0018278 2 1 0
15.9723 0.00182551 0.00182551 2 1 0
15.9923 0.00182323 0.00182323 2 1 0
16.0123 0.00182095 0.00182095 2 1 0
16.0323 0.00181868 0.00181868 2 1 0
16.0523 0.00181642 0.00181642 2 1 0
16.0723 0.00181416 0.00181416 2 1 0
16.0923 0.00181191 0.00181191 2 1 0
16.1123 0.00180966 0.00180966 2 1 0
16.1323 0.00180742 0.00180742 2 1 0
16.1523 0.00180519 0.00180519 2 1 0
16.1723 0.00180296 0.00180296 2 1 0
16.1922 0.00180074 0.00180074 2 1 0
16.2122 0.00179852 0.00179852 2 1 0
16.2322 0.00179631 0.00179631 2 1 0
16.2522 0.0017941 0.0017941 2 1 0
16.2722 0.0017919 0.0017919 2 1 0
16.2922 0.0017897 0.0017897 2 1 0
16.3122 0.00178752 0.00178752 2 1 0
16.3322 0.00178533 0.00178533 2 1 0
16.3522 0.00178315 0.00178315 2 1 0
16.3722 0.00178098 0.00178098 2 1 0
16.3922 0.00177881 0.00177881 2 1 0
16.4122 0.00177665 0.00177665 2 1 0
16.4322 0.0017745 0.0017745 2 1 0
16.4521 0.00177235 0.00177235 2 1 0
16.4721 0.0017702 0.0017702 2 1 0
16.4921 0.00176806 0.00176806 2 1 0
16.5121 0.00176593 0.00176593 2 1 0
16.5321 0.0017638 0.0017638 2 1 0
16.5521 0.00176168 0.00176168 2 1 0
16.5721 0.00175956 0.00175956 2 1 0
16.5921 0.00175745 0.00175745 2 1 0
16.6121 0.00175534 0.00175534 2 1 0
16.6321 0.00175324 0.00175324 2 1 0
16.6521 0.00175114 0.00175114 2 1 0
16.6721 0.00174905 0.00174905 2 1 0
16.6921 0.00174696 0.00174696 2 1 0
16.7121 0.00174488 0.00174488 2 1 0
16.732 0.0017428 0.0017428 2 1 0
16.752 0.00174073 0.00174073 2 1 0
16.772 0.00173867 0.00173867 2 1 0
16.792 0.00173661 0.00173661 2 1 0
16.812 0.00173455 0.00173455 2 1 0
16.832 0.0017325 0.0017325 2 1 0
16.852 0.00173046 0.00173046 2 1 0
16.872 0.00172842 0.00172842 2 1 0
16.892 0.00172638 0.00172638 2 1 0
13.7536 0.00212233 0.00212233 4 10 0
13.8132 0.00222971 0.00200835 3 10 0
13.8232 0.00223803 0.00199892 3 10 0
13.8341 0.00224623 0.00198925 3 10 0
13.8504 0.00225765 0.00197602 3 10 0
13.8702 0.00227014 0.00196132 3 10 0
13.8901 0.00228176 0.00194776 3 10 0
13.91 0.00229223 0.00193511 3 10 0
13.9299 0.00230196 0.00192321 3 10 0
13.9498 0.00231095 0.00191192 3 10 0
13.9697 0.00231953 0.00190117 3 10 0
13.9897 0.00232765 0.00189089 3 10 0
14.0096 0.00233544 0.00188109 3 10 0
14.0296 0.00234281 0.00187159 3 10 0
14.0495 0.00234985 0.0018624 3 10 0
14.0694 0.00235648 0.00185346 3 10 0
14.0894 0.00236297 0.00184484 3 10 0
14.1094 0.00236922 0.00183647 3 10 0
14.1293 0.00237503 0.0018283 3 10 0
14.1493 0.00238085 0.00182037 3 10 0
14.1692 0.00238648 0.00181262 3 10 0
14.1892 0.00239204 0.00180506 3 10 0
14.2092 0.00239733 0.00179767 3 10 0
14.2291 0.00240247 0.00179044 3 10 0
14.2491 0.00240751 0.00178345 3 10 0
14.2691 0.00241237 0.00177651 3 10 0
14.289 0.00241711 0.00176971 3 10 0
14.309 0.00242179 0.00176327 3 10 0
14.329 0.00242629 0.00175671 3 10 0
14.349 0.00243069 0.00175027 3 10 0
14.3689 0.002435 0.0017438 3 10 0
14.3889 0.00243919 0.00173757 3 10 0
14.4089 0.00244329 0.00173143 3 10 0
14.4289 0.0024473 0.00172555 3 10 0
14.4488 0.00245122 0.0017196 3 10 0
14.4688 0.00245507 0.00171374 3 10 0
14.4888 0.00245883 0.00170792 3 10 0
14.5088 0.00246252 0.00170224 3 10 0
14.5288 0.00246614 0.00169663 3 10 0
14.5487 0.00246969 0.001691 3 10 0
14.5687 0.00247318 0.00168554 3 10 0
14.5887 0.00247659 0.00168015 3 10 0
14.6087 0.00247996 0.00167476 3 10 0
14.6287 0.00248326 0.0016695 3 10 0
14.6487 0.0024865 0.00166431 3 10 0
14.6686 0.00248969 0.00165912 3 10 0
14.6886 0.00249282 0.00165405 3 10 0
14.7086 0.0024959 0.00164903 3 10 0
14.7286 0.00249895 0.00164402 3 10 0
14.7486 0.00250193 0.00163912 3 10 0
14.7686 0.00250486 0.00163426 3 10 0
14.7886 0.00250777 0.00162941 3 10 0
14.8085 0.00251061 0.00162466 3 10 0
14.8285 0.00251341 0.00161996 3 10 0
14.8485 0.00251621 0.00161524 3 10 0
14.8685 0.00251892 0.00161063 3 10 0
14.8885 0.0025216 0.00160606 3 10 0
14.9085 0.00252428 0.00160151 3 10 0
14.9285 0.00252688 0.00159703 3 10 0
14.9485 0.00252944 0.0015926 3 10 0
14.9685 0.00253194 0.0015883 3 10 0
14.9884 0.00253443 0.00158395 3 10 0
15.0084 0.00253689 0.00157964 3 10 0
15.0284 0.00253925 0.00157563 3 10 0
15.0484 0.00254164 0.0015714 3 10 0
15.0684 0.002544 0.00156721 3 10 0
15.0884 0.0025463 0.001563 3 10 0
15.1084 0.0025486 0.00155887 3 10 0
15.1284 0.00255088 0.00155477 3 10 0
15.1484 0.00255316 0.00155043 3 10 0
15.1684 0.00255538 0.0015464 3 10 0
15.1883 0.00255757 0.00154241 3 10 0
15.2083 0.0025597 0.00153848 3 10 0
15.2283 0.00256183 0.00153455 3 10 0
15.2483 0.00256394 0.00153065 3 10 0
15.2683 0.00256593 0.00152704 3 10 0
15.2883 0.00256799 0.00152321 3 10 0
15.3083 0.00257002 0.0015194 3 10 0
15.3283 0.00257192 0.00151574 3 10 0
15.3483 0.00257391 0.001512 3 10 0
15.3683 0.00257587 0.00150829 3 10 0
15.3883 0.00257772 0.00150447 3 10 0
15.4083 0.00257965 0.00150081 3 10 0
15.4282 0.00258154 0.00149717 3 10 0
15.4482 0.00258334 0.00149348 3 10 0
15.4682 0.0025852 0.00148989 3 10 0
15.4882 0.00258704 0.00148633 3 10 0
15.5082 0.00258892 0.00148274 3 10 0
15.5282 0.00259072 0.00147922 3 10 0
15.5482 0.0025925 0.00147574 3 10 0
15.5682 0.00259432 0.00147223 3 10 0
15.5882 0.00259607 0.00146879 3 10 0
15.6082 0.00259779 0.00146537 3 10 0
15.6282 0.00259956 0.00146193 3 10 0
15.6482 0.00260125 0.00145856 3 10 0
15.6682 0.00260293 0.00145521 3 10 0
15.6882 0.00260464 0.00145185 3 10 0
15.7082 0.00260628 0.00144854 3 10 0
15.7281 0.00260791 0.00144526 3 10 0
15.7481 0.00260957 0.00144196 3 10 0
15.7681 0.00261117 0.00143872 3 10 0
15.7881 0.00261275 0.00143549 3 10 0
15.8081 0.00261436 0.00143226 3 10 0
15.8281 0.00261591 0.00142907 3 10 0
15.8481 0.00261745 0.00142591 3 10 0
15.8681 0.00261901 0.00142274 3 10 0
15.8881 0.00262052 0.00141961 3 10 0
15.9081 0.00262202 0.0014165 3 10 0
15.9281 0.00262354 0.00141339 3 10 0
15.9481 0.00262501 0.00141032 3 10 0
15.9681 0.00262646 0.00140727 3 10 0
15.9881 0.00262794 0.00140421 3 10 0
16.0081 0.00262937 0.00140119 3 10 0
16.0281 0.00263079 0.00139819 3 10 0
16.0481 0.00263223 0.00139519 3 10 0
16.0681 0.00263362 0.00139223 3 10 0
16.0881 0.002635 0.00138927 3 10 0
16.108 0.00263641 0.00138633 3 10 0
16.128 0.00263776 0.00138341 3 10 0
16.148 0.00263911 0.00138051 3 10 0
16.168 0.00264048 0.00137761 3 10 0
16.188 0.0026418 0.00137474 3 10 0
16.208 0.00264311 0.00137189 3 10 0
16.228 0.00264445 0.00136903 3 10 0
16.248 0.00264574 0.00136621 3 10 0
16.268 0.00264702 0.0013634 3 10 0
16.288 0.00264832 0.0013606 3 10 0
16.308 0.00264958 0.00135782 3 10 0
16.328 0.00265083 0.00135506 3 10 0
16.348 0.0026521 0.0013523 3 10 0
16.368 0.00265333 0.00134956 3 10 0
16.388 0.00265455 0.00134684 3 10 0
16.408 0.00265579 0.00134413 3 10 0
16.428 0.00265699 0.00134143 3 10 0
16.448 0.00265819 0.00133876 3 10 0
16.468 0.0026594 0.00133608 3 10 0
16.488 0.00266057 0.00133343 3 10 0
16.508 0.00266174 0.00133079 3 10 0
16.528 0.00266292 0.00132816 3 10 0
16.548 0.00266407 0.00132555 3 10 0
16.5679 0.00266521 0.00132295 3 10 0
16.5879 0.00266636 0.00132035 3 10 0
16.6079 0.00266749 0.00131778 3 10 0
16.6279 0.00266861 0.00131522 3 10 0
16.6479 0.00266973 0.00131267 3 10 0
16.6679 0.00267083 0.00131013 3 10 0
16.6879 0.00267192 0.0013076 3 10 0
16.7079 0.00267302 0.00130509 3 10 0
16.7279 0.0026741 0.00130259 3 10 0
16.7479 0.00267517 0.0013001 3 10 0
16.7679 0.00267624 0.00129762 3 10 0
16.7879 0.00267729 0.00129515 3 10 0
16.8079 0.00267834 0.0012927 3 10 0
16.8279 0.00267938 0.00129025 3 10 0
16.8479 0.00268042 0.00128782 3 10 0
16.8679 0.00268145 0.0012854 3 10 0
16.8879 0.00268245 0.00128299 3 10 0
16.9079 0.00268346 0.0012806 3 10 0
16.9279 0.00268447 0.00127821 3 10 0
16.9479 0.00268542 0.00127583 3 10 0
16.9679 0.00268641 0.00127347 3 10 0
16.9879 0.0026874 0.00127111 3 10 0
17.0079 0.00268832 0.00126877 3 10 0
17.0279 0.00268929 0.00126644 3 10 0
17.0479 0.00269026 0.00126412 3 10 0
17.0679 0.0026911 0.00126185 3 10 0
17.0879 0.00269206 0.00125955 3 10 0
17.1079 0.00269301 0.00125726 3 10 0
17.1279 0.00269378 0.00125492 3 10 0
17.1479 0.00269472 0.00125265 3 10 0
17.1679 0.00269566 0.00125039 3 10 0
17.1879 0.00269685 0.00124814 3 10 0
17.2078 0.00269777 0.00124589 3 10 0
17.2278 0.00269869 0.00124366 3 10 0
17.2478 0.00269987 0.00124143 3 10 0
17.2678 0.00270078 0.00123922 3 10 0
17.2878 0.00270168 0.00123701 3 10 0
17.3078 0.00270272 0.00123482 3 10 0
17.3278 0.00270362 0.00123263 3 10 0
17.3478 0.0027045 0.00123046 3 10 0
17.3678 0.00270547 0.0012283 3 10 0
17.3878 0.00270635 0.00122614 3 10 0
17.4078 0.00270722 0.00122398 3 10 0
17.4278 0.00270812 0.00122185 3 10 0
17.4478 0.00270898 0.00121972 3 10 0
17.4678 0.00270983 0.00121759 3 10 0
17.4878 0.00271065 0.00121549 3 10 0
17.5078 0.00271149 0.00121339 3 10 0
17.5278 0.00271234 0.00121129 3 10 0
17.5478 0.00271302 0.00120922 3 10 0
17.5678 0.00271385 0.00120713 3 10 0
17.5878 0.00271468 0.00120506 3 10 0
17.6078 0.00271511 0.00120303 3 10 0
17.6278 0.00271593 0.00120097 3 10 0
17.6478 0.00271675 0.00119892 3 10 0
17.6678 0.00271639 0.00119695 3 10 0
17.6878 0.0027172 0.00119492 3 10 0
17.7078 0.002718 0.00119289 3 10 0
17.7278 0.00271797 0.00119103 3 10 0
17.7478 0.00271876 0.00118902 3 10 0
16.892 0.00172638 0.00172638 2 1 0
16.932 0.00172233 0.00172233 2 1 0
16.952 0.00172031 0.00172031 2 1 0
16.972 0.00171829 0.00171829 2 1 0
16.992 0.00171628 0.00171628 2 1 0
17.012 0.00171427 0.00171427 2 1 0
17.032 0.00171227 0.00171227 2 1 0
17.0519 0.00171028 0.00171028 2 1 0
17.0719 0.00170829 0.00170829 2 1 0
17.0919 0.0017063 0.0017063 2 1 0
17.1119 0.00170432 0.00170432 2 1 0
17.1319 0.00170234 0.00170234 2 1 0
17.1519 0.00170037 0.00170037 2 1 0
17.1719 0.00169841 0.00169841 2 1 0
17.1919 0.00169644 0.00169644 2 1 0
17.2119 0.00169449 0.00169449 2 1 0
17.2319 0.00169254 0.00169254 2 1 0
17.2519 0.00169059 0.00169059 2 1 0
17.2719 0.00168864 0.00168864 2 1 0
17.2919 0.00168671 0.00168671 2 1 0
17.3119 0.00168477 0.00168477 2 1 0
17.3319 0.00168284 0.00168284 2 1 0
17.3519 0.00168092 0.00168092 2 1 0
17.3719 0.001679 0.001679 2 1 0
17.3918 0.00167708 0.00167708 2 1 0
17.4118 0.00167517 0.00167517 2 1 0
17.4318 0.00167327 0.00167327 2 1 0
17.4518 0.00167137 0.00167137 2 1 0
17.4718 0.00166947 0.00166947 2 1 0
17.4918 0.00166758 0.00166758 2 1 0
17.5118 0.00166569 0.00166569 2 1 0
17.5318 0.0016638 0.0016638 2 1 0
17.5518 0.00166193 0.00166193 2 1 0
17.5718 0.00166005 0.00166005 2 1 0
17.5918 0.00165818 0.00165818 2 1 0
17.6118 0.00165632 0.00165632 2 1 0
17.6318 0.00165445 0.00165445 2 1 0
17.6518 0.0016526 0.0016526 2 1 0
17.6718 0.00165074 0.00165074 2 1 0
17.6918 0.0016489 0.0016489 2 1 0
17.7118 0.00164705 0.00164705 2 1 0
17.7318 0.00164521 0.00164521 2 1 0
17.7517 0.00164338 0.00164338 2 1 0
17.7717 0.00164155 0.00164155 2 1 0
17.7917 0.00163972 0.00163972 2 1 0
17.8117 0.0016379 0.0016379 2 1 0
17.8317 0.00163608 0.00163608 2 1 0
17.8517 0.00163426 0.00163426 2 1 0
17.8717 0.00163245 0.00163245 2 1 0
17.8917 0.00163065 0.00163065 2 1 0
17.9117 0.00162885 0.00162885 2 1 0
17.9317 0.00162705 0.00162705 2 1 0
17.9517 0.00162526 0.00162526 2 1 0
17.9717 0.00162347 0.00162347 2 1 0
17.9917 0.00162168 0.00162168 2 1 0
18.0117 0.0016199 0.0016199 2 1 0
18.0317 0.00161813 0.00161813 2 1 0
18.0517 0.00161635 0.00161635 2 1 0
18.0717 0.00161458 0.00161458 2 1 0
18.0917 0.00161282 0.00161282 2 1 0
18.1117 0.00161106 0.00161106 2 1 0
18.1317 0.0016093 0.0016093 2 1 0
18.1516 0.00160755 0.00160755 2 1 0
18.1716 0.0016058 0.0016058 2 1 0
18.1916 0.00160406 0.00160406 2 1 0
18.2116 0.00160232 0.00160232 2 1 0
18.2316 0.00160058 0.00160058 2 1 0
18.2516 0.00159885 0.00159885 2 1 0
18.2716 0.00159712 0.00159712 2 1 0
18.2916 0.0015954 0.0015954 2 1 0
18.3116 0.00159367 0.00159367 2 1 0
18.3316 0.00159196 0.00159196 2 1 0
18.3516 0.00159024 0.00159024 2 1 0
18.3716 0.00158854 0.00158854 2 1 0
18.3916 0.00158683 0.00158683 2 1 0
18.4116 0.00158513 0.00158513 2 1 0
18.4316 0.00158343 0.00158343 2 1 0
18.4516 0.00158174 0.00158174 2 1 0
18.4716 0.00158005 0.00158005 2 1 0
18.4916 0.00157836 0.00157836 2 1 0
18.5116 0.00157668 0.00157668 2 1 0
18.5316 0.001575 0.001575 2 1 0
18.5516 0.00157333 0.00157333 2 1 0
18.5715 0.00157165 0.00157165 2 1 0
18.5915 0.00156999 0.00156999 2 1 0
18.6115 0.00156832 0.00156832 2 1 0
18.6315 0.00156666 0.00156666 2 1 0
18.6515 0.00156501 0.00156501 2 1 0
18.6715 0.00156335 0.00156335 2 1 0
18.6915 0.0015617 0.0015617 2 1 0
18.7115 0.00156006 0.00156006 2 1 0
18.7315 0.00155842 0.00155842 2 1 0
18.7515 0.00155678 0.00155678 2 1 0
18.7715 0.00155514 0.00155514 2 1 0
18.7915 0.00155351 0.00155351 2 1 0
18.8115 0.00155189 0.00155189 2 1 0
18.8315 0.00155026 0.00155026 2 1 0
18.8515 0.00154864 0.00154864 2 1 0
18.8715 0.00154703 0.00154703 2 1 0
18.8915 0.00154541 0.00154541 2 1 0
18.9115 0.0015438 0.0015438 2 1 0
18.9315 0.0015422 0.0015422 2 1 0
18.9515 0.00154059 0.00154059 2 1 0
18.9715 0.00153899 0.00153899 2 1 0
18.9915 0.0015374 0.0015374 2 1 0
19.0115 0.00153581 0.00153581 2 1 0
19.0315 0.00153422 0.00153422 2 1 0
19.0515 0.00153263 0.00153263 2 1 0
19.0714 0.00153105 0.00153105 2 1 0
19.0914 0.00152947 0.00152947 2 1 0
19.1114 0.0015279 0.0015279 2 1 0
19.1314 0.00152633 0.00152633 2 1 0
19.1514 0.00152476 0.00152476 2 1 0
19.1714 0.00152319 0.00152319 2 1 0
19.1914 0.00152163 0.00152163 2 1 0
19.2114 0.00152007 0.00152007 2 1 0
19.2314 0.00151852 0.00151852 2 1 0
19.2514 0.00151697 0.00151697 2 1 0
19.2714 0.00151542 0.00151542 2 1 0
19.2914 0.00151387 0.00151387 2 1 0
19.3114 0.00151233 0.00151233 2 1 0
19.3314 0.00151079 0.00151079 2 1 0
19.3514 0.00150926 0.00150926 2 1 0
19.3714 0.00150773 0.00150773 2 1 0
19.3914 0.0015062 0.0015062 2 1 0
19.4114 0.00150467 0.00150467 2 1 0
19.4314 0.00150315 0.00150315 2 1 0
19.4514 0.00150163 0.00150163 2 1 0
19.4714 0.00150012 0.00150012 2 1 0
19.4914 0.00149861 0.00149861 2 1 0
19.5114 0.0014971 0.0014971 2 1 0
19.5314 0.00149559 0.00149559 2 1 0
19.5514 0.00149409 0.00149409 2 1 0
19.5714 0.00149259 0.00149259 2 1 0
19.5914 0.00149109 0.00149109 2 1 0
19.6113 0.0014896 0.0014896 2 1 0
19.6313 0.00148811 0.00148811 2 1 0
19.6513 0.00148662 0.00148662 2 1 0
19.6713 0.00148514 0.00148514 2 1 0
19.6913 0.00148366 0.00148366 2 1 0
19.7113 0.00148218 0.00148218 2 1 0
19.7313 0.00148071 0.00148071 2 1 0
19.7513 0.00147923 0.00147923 2 1 0
19.7713 0.00147777 0.00147777 2 1 0
19.7913 0.0014763 0.0014763 2 1 0
19.8113 0.00147484 0.00147484 2 1 0
19.8313 0.00147338 0.00147338 2 1 0
19.8513 0.00147192 0.00147192 2 1 0
19.8713 0.00147047 0.00147047 2 1 0
19.8913 0.00146902 0.00146902 2 1 0
19.9113 0.00146757 0.00146757 2 1 0
19.9313 0.00146613 0.00146613 2 1 0
19.9513 0.00146469 0.00146469 2 1 0
19.9713 0.00146325 0.00146325 2 1 0
19.9913 0.00146181 0.00146181 2 1 0
20.0113 0.00146038 0.00146038 2 1 0
20.0313 0.00145895 0.00145895 2 1 0
20.0513 0.00145753 0.00145753 2 1 0
20.0713 0.0014561 0.0014561 2 1 0
20.0913 0.00145468 0.00145468 2 1 0
20.1113 0.00145326 0.00145326 2 1 0
20.1313 0.00145185 0.00145185 2 1 0
20.1513 0.00145044 0.00145044 2 1 0
20.1713 0.00144903 0.00144903 2 1 0
20.1913 0.00144762 0.00144762 2 1 0
20.2112 0.00144622 0.00144622 2 1 0
20.2312 0.00144482 0.00144482 2 1 0
20.2512 0.00144342 0.00144342 2 1 0
20.2712 0.00144203 0.00144203 2 1 0
20.2912 0.00144063 0.00144063 2 1 0
20.3112 0.00143925 0.00143925 2 1 0
20.3312 0.00143786 0.00143786 2 1 0
20.3512 0.00143648 0.00143648 2 1 0
20.3712 0.0014351 0.0014351 2 1 0
20.3912 0.00143372 0.00143372 2 1 0
20.4112 0.00143234 0.00143234 2 1 0
20.4312 0.00143097 0.00143097 2 1 0
20.4512 0.0014296 0.0014296 2 1 0
20.4712 0.00142823 0.00142823 2 1 0
20.4912 0.00142687 0.00142687 2 1 0
20.5112 0.00142551 0.00142551 2 1 0
20.5312 0.00142415 0.00142415 2 1 0
20.5512 0.00142279 0.00142279 2 1 0
20.5712 0.00142144 0.00142144 2 1 0
20.5912 0.00142009 0.00142009 2 1 0
20.6112 0.00141874 0.00141874 2 1 0
20.6312 0.0014174 0.0014174 2 1 0
20.6512 0.00141605 0.00141605 2 1 0
20.6712 0.00141471 0.00141471 2 1 0
20.6912 0.00141338 0.00141338 2 1 0
20.7112 0.00141204 0.00141204 2 1 0
20.7312 0.00141071 0.00141071 2 1 0
20.7512 0.00140938 0.00140938 2 1 0
20.7712 0.00140806 0.00140806 2 1 0
20.7912 0.00140673 0.00140673 2 1 0
20.8112 0.00140541 0.00140541 2 1 0
20.8312 0.00140409 0.00140409 2 1 0
20.8512 0.00140278 0.00140278 2 1 0
20.8712 0.00140146 0.00140146 2 1 0
20.8912 0.00140015 0.00140015 2 1 0
17.7478 0.00271876 0.00118902 4 10 0
17.7678 0.00271954 0.00118702 3 10 0
17.7878 0.00272032 0.00118502 3 10 0
17.8078 0.00272352 0.00118276 3 10 0
17.8278 0.0027243 0.00118078 3 10 0
17.8478 0.00272507 0.00117881 3 10 0
17.8678 0.00272459 0.00117728 3 10 0
17.8878 0.00272535 0.00117532 3 10 0
17.9078 0.00272611 0.00117337 3 10 0
17.9278 0.00272757 0.00117159 3 10 0
17.9478 0.00272833 0.00116966 3 10 0
17.9678 0.00272908 0.00116774 3 10 0
17.9878 0.00273044 0.00116551 3 10 0
18.0078 0.00273118 0.0011636 3 10 0
18.0278 0.00273192 0.0011617 3 10 0
18.0477 0.002732 0.00115974 3 10 0
18.0677 0.00273274 0.00115785 3 10 0
18.0877 0.00273347 0.00115597 3 10 0
18.1077 0.00273279 0.00115422 3 10 0
18.1277 0.00273351 0.00115235 3 10 0
18.1477 0.00273422 0.00115048 3 10 0
18.1677 0.00273594 0.00114831 3 10 0
18.1877 0.00273666 0.00114646 3 10 0
18.2077 0.00273737 0.00114462 3 10 0
18.2277 0.0027392 0.00114285 3 10 0
18.2477 0.00273991 0.00114102 3 10 0
18.2677 0.00274061 0.0011392 3 10 0
18.2877 0.00274113 0.00113758 3 10 0
18.3077 0.00274183 0.00113577 3 10 0
18.3277 0.00274252 0.00113397 3 10 0
18.3477 0.00274319 0.00113217 3 10 0
18.3677 0.00274388 0.00113038 3 10 0
18.3877 0.00274456 0.0011286 3 10 0
18.4077 0.0027438 0.00112656 3 10 0
18.4277 0.00274448 0.00112479 3 10 0
18.4477 0.00274515 0.00112303 3 10 0
18.4677 0.00274682 0.00112192 3 10 0
18.4877 0.00274749 0.00112017 3 10 0
18.5077 0.00274816 0.00111843 3 10 0
18.5277 0.00274955 0.00111605 3 10 0
18.5477 0.00275022 0.00111432 3 10 0
18.5677 0.00275087 0.00111259 3 10 0
18.5877 0.00275109 0.00111088 3 10 0
18.6077 0.00275174 0.00110917 3 10 0
18.6277 0.00275239 0.00110746 3 10 0
18.6477 0.00275218 0.00110574 3 10 0
18.6677 0.00275283 0.00110404 3 10 0
18.6877 0.00275347 0.00110235 3 10 0
18.7077 0.00275206 0.00110072 3 10 0
18.7277 0.00275269 0.00109904 3 10 0
18.7477 0.00275332 0.00109737 3 10 0
18.7677 0.0027568 0.00109564 3 10 0
18.7877 0.00275743 0.00109398 3 10 0
18.8077 0.00275805 0.00109232 3 10 0
18.8277 0.00275772 0.00109069 3 10 0
18.8477 0.00275834 0.00108905 3 10 0
18.8677 0.00275896 0.00108741 3 10 0
18.8877 0.00275814 0.00108575 3 10 0
18.9077 0.00275875 0.00108412 3 10 0
18.9277 0.00275936 0.0010825 3 10 0
18.9477 0.00276283 0.00108101 3 10 0
18.9677 0.00276344 0.0010794 3 10 0
18.9877 0.00276405 0.00107779 3 10 0
19.0077 0.00276444 0.00107627 3 10 0
19.0277 0.00276504 0.00107468 3 10 0
19.0477 0.00276565 0.00107309 3 10 0
19.0677 0.00276611 0.0010714 3 10 0
19.0877 0.0027667 0.00106982 3 10 0
19.1077 0.0027673 0.00106824 3 10 0
19.1277 0.00276777 0.00106665 3 10 0
19.1477 0.00276836 0.00106508 3 10 0
19.1677 0.00276894 0.00106352 3 10 0
19.1877 0.0027694 0.001062 3 10 0
19.2077 0.00276999 0.00106045 3 10 0
19.2277 0.00277057 0.0010589 3 10 0
19.2476 0.00277099 0.00105737 3 10 0
19.2676 0.00277157 0.00105583 3 10 0
19.2876 0.00277215 0.0010543 3 10 0
19.3076 0.00277247 0.00105282 3 10 0
19.3276 0.00277304 0.0010513 3 10 0
19.3476 0.00277361 0.00104978 3 10 0
19.3676 0.00277365 0.0010482 3 10 0
19.3876 0.00277422 0.00104669 3 10 0
19.4076 0.00277478 0.00104519 3 10 0
19.4276 0.00277295 0.00104362 3 10 0
19.4476 0.00277351 0.00104213 3 10 0
19.4676 0.00277407 0.00104064 3 10 0
19.4876 0.00277839 0.00103964 3 10 0
19.5076 0.00277895 0.00103816 3 10 0
19.5276 0.00277951 0.00103669 3 10 0
19.5476 0.00278017 0.0010351 3 10 0
19.5676 0.00278072 0.00103363 3 10 0
19.5876 0.00278127 0.00103217 3 10 0
19.6076 0.00278197 0.00103039 3 10 0
19.6276 0.00278251 0.00102894 3 10 0
19.6476 0.00278306 0.00102749 3 10 0
19.6676 0.00278363 0.00102593 3 10 0
19.6876 0.00278417 0.00102449 3 10 0
19.7076 0.00278471 0.00102305 3 10 0
19.7276 0.00278521 0.00102169 3 10 0
19.7476 0.00278575 0.00102026 3 10 0
19.7676 0.00278629 0.00101884 3 10 0
19.7876 0.00278673 0.0010177 3 10 0
19.8076 0.00278726 0.00101629 3 10 0
19.8276 0.00278779 0.00101489 3 10 0
19.8476 0.00278812 0.00101344 3 10 0
19.8676 0.00278865 0.00101204 3 10 0
19.8876 0.00278918 0.00101064 3 10 0
19.9076 0.00278956 0.0010091 3 10 0
19.9276 0.00279009 0.00100771 3 10 0
19.9476 0.00279061 0.00100633 3 10 0
19.9676 0.00279114 0.00100521 3 10 0
19.9876 0.00279166 0.00100383 3 10 0
20.0076 0.00279218 0.00100246 3 10 0
20.0276 0.00279277 0.00100129 3 10 0
20.0476 0.00279328 0.000999934 3 10 0
20.0676 0.00279379 0.000998577 3 10 0
20.0876 0.00279436 0.000996951 3 10 0
20.1076 0.00279487 0.000995601 3 10 0
20.1276 0.00279538 0.000994255 3 10 0
20.1476 0.00279591 0.000992816 3 10 0
20.1676 0.00279641 0.000991478 3 10 0
20.1876 0.00279692 0.000990143 3 10 0
20.2076 0.00279741 0.000988787 3 10 0
20.2276 0.00279792 0.000987461 3 10 0
20.2476 0.00279842 0.000986138 3 10 0
20.2676 0.00279888 0.000984869 3 10 0
20.2876 0.00279938 0.000983553 3 10 0
20.3076 0.00279988 0.000982242 3 10 0
20.3276 0.00280036 0.000980877 3 10 0
20.3476 0.00280086 0.000979573 3 10 0
20.3676 0.00280135 0.000978272 3 10 0
20.3876 0.00280185 0.000976873 3 10 0
20.4076 0.00280234 0.000975579 3 10 0
20.4276 0.00280283 0.000974289 3 10 0
20.4476 0.00280332 0.000972941 3 10 0
20.4676 0.00280381 0.000971658 3 10 0
20.4876 0.0028043 0.000970378 3 10 0
20.5076 0.00280478 0.000969068 3 10 0
20.5276 0.00280526 0.000967795 3 10 0
20.5476 0.00280575 0.000966526 3 10 0
20.5676 0.00280622 0.00096524 3 10 0
20.5876 0.0028067 0.000963978 3 10 0
20.6076 0.00280718 0.000962719 3 10 0
20.6276 0.00280764 0.000961451 3 10 0
20.6476 0.00280812 0.000960199 3 10 0
20.6676 0.00280859 0.000958951 3 10 0
20.6876 0.00280905 0.000957697 3 10 0
20.7076 0.00280953 0.000956456 3 10 0
20.7276 0.00281 0.000955218 3 10 0
20.7476 0.00281045 0.000953977 3 10 0
20.7676 0.00281092 0.000952746 3 10 0
20.7876 0.00281139 0.000951518 3 10 0
20.8076 0.00281184 0.00095029 3 10 0
20.8276 0.00281231 0.000949069 3 10 0
20.8476 0.00281278 0.000947851 3 10 0
20.8676 0.00281322 0.000946635 3 10 0
20.8876 0.00281368 0.000945424 3 10 0
20.9076 0.00281415 0.000944216 3 10 0
20.9276 0.00281459 0.000943011 3 10 0
20.9476 0.00281505 0.000941809 3 10 0
20.9676 0.00281551 0.000940611 3 10 0
20.9876 0.00281595 0.000939418 3 10 0
21.0076 0.00281641 0.000938226 3 10 0
21.0276 0.00281686 0.000937037 3 10 0
21.0476 0.0028173 0.000935855 3 10 0
21.0676 0.00281775 0.000934672 3 10 0
21.0876 0.00281821 0.000933493 3 10 0
21.1075 0.00281863 0.000932322 3 10 0
21.1275 0.00281909 0.000931149 3 10 0
21.1475 0.00281954 0.00092998 3 10 0
21.1675 0.00281996 0.000928819 3 10 0
21.1875 0.00282042 0.000927656 3 10 0
21.2075 0.00282087 0.000926496 3 10 0
21.2275 0.00282128 0.000925347 3 10 0
21.2475 0.00282173 0.000924193 3 10 0
21.2675 0.00282218 0.000923042 3 10 0
21.2875 0.00282259 0.000921905 3 10 0
21.3075 0.00282304 0.00092076 3 10 0
21.3275 0.00282348 0.000919618 3 10 0
21.3475 0.00282389 0.000918495 3 10 0
21.3675 0.00282434 0.000917359 3 10 0
21.3875 0.00282478 0.000916226 3 10 0
21.4075 0.00282518 0.000915117 3 10 0
21.4275 0.00282562 0.00091399 3 10 0
21.4475 0.00282606 0.000912866 3 10 0
21.4675 0.00282646 0.000911776 3 10 0
21.4875 0.0028269 0.000910658 3 10 0
21.5075 0.00282734 0.000909543 3 10 0
21.5275 0.00282772 0.000908487 3 10 0
21.5475 0.00282816 0.000907378 3 10 0
21.5675 0.00282859 0.000906272 3 10 0
21.5875 0.00282898 0.000905213 3 10 0
21.6075 0.00282941 0.000904113 3 10 0
21.6275 0.00282984 0.000903015 3 10 0
21.6475 0.00283027 0.000901866 3 10 0
21.6675 0.0028307 0.000900773 3 10 0
21.6875 0.00283113 0.000899684 3 10 0
21.7075 0.00283157 0.000898546 3 10 0
21.7275 0.00283199 0.000897462 3 10 0
5 0.00635783 0.00635783 2 1 0
4.96251 0.00641368 0.00641368 1 1 0
4.94382 0.00644209 0.00644209 1 1 0
4.92514 0.00647072 0.00647072 1 1 0
4.90649 0.00649957 0.00649957 1 1 0
4.88786 0.00652865 0.00652865 1 1 0
4.86925 0.00655795 0.00655795 1 1 0
4.85066 0.00658748 0.00658748 1 1 0
4.83209 0.00661724 0.00661724 1 1 0
4.81355 0.00664723 0.00664723 1 1 0
4.79503 0.00667746 0.00667746 1 1 0
4.77654 0.00670792 0.00670792 1 1 0
4.75807 0.00673862 0.00673862 1 1 0
4.73963 0.00676955 0.00676955 1 1 0
4.72121 0.00680073 0.00680073 1 1 0
4.70281 0.00683215 0.00683215 1 1 0
4.68445 0.00686381 0.00686381 1 1 0
4.66611 0.00689572 0.00689572 1 1 0
4.64779 0.00692788 0.00692788 1 1 0
4.62951 0.00696029 0.00696029 1 1 0
4.61125 0.00699295 0.00699295 1 1 0
4.59302 0.00702587 0.00702587 1 1 0
4.57482 0.00705904 0.00705904 1 1 0
4.55665 0.00709247 0.00709247 1 1 0
4.53851 0.00712616 0.00712616 1 1 0
4.5204 0.00716012 0.00716012 1 1 0
4.50233 0.00719433 0.00719433 1 1 0
4.48428 0.00722881 0.00722881 1 1 0
4.46626 0.00726356 0.00726356 1 1 0
4.44828 0.00729858 0.00729858 1 1 0
4.43033 0.00733386 0.00733386 1 1 0
4.41242 0.00736942 0.00736942 1 1 0
4.39453 0.00740526 0.00740526 1 1 0
4.37669 0.00744137 0.00744137 1 1 0
4.35888 0.00747776 0.00747776 1 1 0
4.3411 0.00751442 0.00751442 1 1 0
4.32336 0.00755137 0.00755137 1 1 0
4.30566 0.0075886 0.0075886 1 1 0
4.28799 0.00762612 0.00762612 1 1 0
4.27037 0.00766392 0.00766392 1 1 0
4.25278 0.00770201 0.00770201 1 1 0
4.23523 0.00774039 0.00774039 1 1 0
4.21772 0.00777906 0.00777906 1 1 0
4.20025 0.00781802 0.00781802 1 1 0
4.18283 0.00785727 0.00785727 1 1 0
4.16544 0.00789682 0.00789682 1 1 0
4.1481 0.00793667 0.00793667 1 1 0
4.1308 0.00797681 0.00797681 1 1 0
4.11354 0.00801725 0.00801725 1 1 0
4.09633 0.008058 0.008058 1 1 0
4.07916 0.00809904 0.00809904 1 1 0
4.06204 0.00814039 0.00814039 1 1 0
4.04497 0.00818204 0.00818204 1 1 0
4.02794 0.008224 0.008224 1 1 0
4.01096 0.00826627 0.00826627 1 1 0
3.99402 0.00830884 0.00830884 1 1 0
3.97714 0.00835172 0.00835172 1 1 0
3.9603 0.00839491 0.00839491 1 1 0
3.94352 0.00843841 0.00843841 1 1 0
3.92678 0.00848222 0.00848222 1 1 0
3.9101 0.00852634 0.00852634 1 1 0
3.89347 0.00857078 0.00857078 1 1 0
3.87689 0.00861553 0.00861553 1 1 0
3.86037 0.00866059 0.00866059 1 1 0
3.84389 0.00870597 0.00870597 1 1 0
3.82748 0.00875166 0.00875166 1 1 0
3.81112 0.00879767 0.00879767 1 1 0
3.79481 0.00884399 0.00884399 1 1 0
3.77856 0.00889064 0.00889064 1 1 0
3.76237 0.00893759 0.00893759 1 1 0
3.74623 0.00898487 0.00898487 1 1 0
3.73016 0.00903246 0.00903246 1 1 0
3.71414 0.00908037 0.00908037 1 1 0
3.69818 0.0091286 0.0091286 1 1 0
3.68228 0.00917714 0.00917714 1 1 0
3.66645 0.009226 0.009226 1 1 0
3.65067 0.00927518 0.00927518 1 1 0
3.63496 0.00932467 0.00932467 1 1 0
3.61931 0.00937448 0.00937448 1 1 0
3.60372 0.00942461 0.00942461 1 1 0
3.5882 0.00947506 0.00947506 1 1 0
3.57274 0.00952581 0.00952581 1 1 0
3.55735 0.00957689 0.00957689 1 1 0
3.54202 0.00962828 0.00962828 1 1 0
3.52676 0.00967998 0.00967998 1 1 0
3.51156 0.00973199 0.00973199 1 1 0
3.49643 0.00978432 0.00978432 1 1 0
3.48137 0.00983696 0.00983696 1 1 0
3.46638 0.0098899 0.0098899 1 1 0
3.45145 0.00994316 0.00994316 1 1 0
3.4366 0.00999673 0.00999673 1 1 0
3.42181 0.0100506 0.0100506 1 1 0
3.4071 0.0101048 0.0101048 1 1 0
3.39245 0.0101593 0.0101593 1 1 0
3.37788 0.010214 0.010214 1 1 0
3.36337 0.0102691 0.0102691 1 1 0
3.34894 0.0103245 0.0103245 1 1 0
3.33458 0.0103802 0.0103802 1 1 0
3.3203 0.0104362 0.0104362 1 1 0
3.30608 0.0104925 0.0104925 1 1 0
3.29194 0.0105491 0.0105491 1 1 0
3.27787 0.0106059 0.0106059 1 1 0
3.26388 0.0106631 0.0106631 1 1 0
3.24996 0.0107205 0.0107205 1 1 0
3.23612 0.0107783 0.0107783 1 1 0
3.22235 0.0108363 0.0108363 1 1 0
3.20865 0.0108946 0.0108946 1 1 0
3.19503 0.0109532 0.0109532 1 1 0
3.18149 0.011012 0.011012 1 1 0
3.16802 0.0110712 0.0110712 1 1 0
3.15463 0.0111306 0.0111306 1 1 0
3.14131 0.0111903 0.0111903 1 1 0
3.12807 0.0112503 0.0112503 1 1 0
3.11491 0.0113105 0.0113105 1 1 0
3.10182 0.011371 0.011371 1 1 0
3.08881 0.0114317 0.0114317 1 1 0
3.07588 0.0114928 0.0114928 1 1 0
3.06302 0.011554 0.011554 1 1 0
3.05024 0.0116156 0.0116156 1 1 0
3.03754 0.0116774 0.0116774 1 1 0
3.02491 0.0117394 0.0117394 1 1 0
3.01236 0.0118017 0.0118017 1 1 0
2.99989 0.0118642 0.0118642 1 1 0
2.98749 0.011927 0.011927 1 1 0
2.97518 0.0119901 0.0119901 1 1 0
2.96293 0.0120533 0.0120533 1 1 0
2.95077 0.0121168 0.0121168 1 1 0
2.93868 0.0121806 0.0121806 1 1 0
2.92667 0.0122445 0.0122445 1 1 0
2.91474 0.0123087 0.0123087 1 1 0
2.90288 0.0123731 0.0123731 1 1 0
2.8911 0.0124378 0.0124378 1 1 0
2.87939 0.0125027 0.0125027 1 1 0
2.86776 0.0125677 0.0125677 1 1 0
2.85621 0.0126331 0.0126331 1 1 0
2.84473 0.0126986 0.0126986 1 1 0
2.83333 0.0127643 0.0127643 1 1 0
2.82201 0.0128302 0.0128302 1 1 0
2.81076 0.0128964 0.0128964 1 1 0
2.79958 0.0129627 0.0129627 1 1 0
2.78848 0.0130293 0.0130293 1 1 0
2.77745 0.013096 0.013096 1 1 0
2.7665 0.0131629 0.0131629 1 1 0
2.75562 0.0132301 0.0132301 1 1 0
2.74482 0.0132974 0.0132974 1 1 0
2.73408 0.0133649 0.0133649 1 1 0
2.72343 0.0134326 0.0134326 1 1 0
2.71284 0.0135005 0.0135005 1 1 0
2.70233 0.0135685 0.0135685 1 1 0
2.69189 0.0136368 0.0136368 1 1 0
2.68152 0.0137052 0.0137052 1 1 0
2.67122 0.0137738 0.0137738 1 1 0
2.66099 0.0138425 0.0138425 1 1 0
2.65084 0.0139114 0.0139114 1 1 0
2.64075 0.0139805 0.0139805 1 1 0
2.63074 0.0140498 0.0140498 1 1 0
2.62079 0.0141192 0.0141192 1 1 0
2.61091 0.0141887 0.0141887 1 1 0
2.60111 0.0142584 0.0142584 1 1 0
2.59137 0.0143283 0.0143283 1 1 0
2.5817 0.0143983 0.0143983 1 1 0
2.57209 0.0144685 0.0144685 1 1 0
2.56256 0.0145388 0.0145388 1 1 0
2.55309 0.0146093 0.0146093 1 1 0
2.54369 0.0146799 0.0146799 1 1 0
2.53435 0.0147507 0.0147507 1 1 0
2.52508 0.0148216 0.0148216 1 1 0
2.51588 0.0148926 0.0148926 1 1 0
2.50673 0.0149637 0.0149637 1 1 0
2.49766 0.015035 0.015035 1 1 0
2.48865 0.0151064 0.0151064 1 1 0
2.4797 0.015178 0.015178 1 1 0
2.47081 0.0152497 0.0152497 1 1 0
2.46199 0.0153215 0.0153215 1 1 0
2.45323 0.0153934 0.0153934 1 1 0
2.44453 0.0154654 0.0154654 1 1 0
2.43589 0.0155376 0.0155376 1 1 0
2.42732 0.0156098 0.0156098 1 1 0
2.4188 0.0156822 0.0156822 1 1 0
2.41034 0.0157547 0.0157547 1 1 0
2.40195 0.0158273 0.0158273 1 1 0
2.39361 0.0159 0.0159 1 1 0
2.38533 0.0159729 0.0159729 1 1 0
2.37711 0.0160458 0.0160458 1 1 0
2.36895 0.0161188 0.0161188 1 1 0
2.36084 0.016192 0.016192 1 1 0
2.35279 0.0162652 0.0162652 1 1 0
2.3448 0.0163385 0.0163385 1 1 0
2.33686 0.016412 0.016412 1 1 0
2.32898 0.0164855 0.0164855 1 1 0
2.32116 0.0165591 0.0165591 1 1 0
2.31339 0.0166328 0.0166328 1 1 0
2.30567 0.0167066 0.0167066 1 1 0
2.29801 0.0167805 0.0167805 1 1 0
2.2904 0.0168545 0.0168545 1 1 0
2.28284 0.0169286 0.0169286 1 1 0
2.27534 0.0170027 0.0170027 1 1 0
2.26788 0.017077 0.017077 1 1 0
2.26048 0.0171513 0.0171513 1 1 0
2.25313 0.0172257 0.0172257 1 1 0
2.25313 0.0172257 0.0172257 2 1 0
2.23858 0.0173747 0.0173747 1 1 0
2.23139 0.0174494 0.0174494 1 1 0
2.22424 0.0175241 0.0175241 1 1 0
2.21714 0.0175989 0.0175989 1 1 0
2.21008 0.0176737 0.0176737 1 1 0
2.20308 0.0177487 0.0177487 1 1 0
2.19613 0.0178237 0.0178237 1 1 0
2.18922 0.0178988 0.0178988 1 1 0
2.18236 0.0179739 0.0179739 1 1 0
2.17554 0.0180491 0.0180491 1 1 0
2.16877 0.0181244 0.0181244 1 1 0
2.16205 0.0181997 0.0181997 1 1 0
2.15537 0.0182751 0.0182751 1 1 0
2.14874 0.0183506 0.0183506 1 1 0
2.14215 0.0184261 0.0184261 1 1 0
2.13561 0.0185017 0.0185017 1 1 0
2.12911 0.0185774 0.0185774 1 1 0
2.12265 0.0186531 0.0186531 1 1 0
2.11624 0.0187289 0.0187289 1 1 0
2.10987 0.0188047 0.0188047 1 1 0
2.10354 0.0188806 0.0188806 1 1 0
2.09725 0.0189566 0.0189566 1 1 0
2.09101 0.0190326 0.0190326 1 1 0
2.0848 0.0191086 0.0191086 1 1 0
2.07864 0.0191847 0.0191847 1 1 0
2.07252 0.0192609 0.0192609 1 1 0
2.06643 0.0193371 0.0193371 1 1 0
2.06039 0.0194133 0.0194133 1 1 0
2.05439 0.0194897 0.0194897 1 1 0
2.04842 0.019566 0.019566 1 1 0
2.0425 0.0196424 0.0196424 1 1 0
2.03661 0.0197189 0.0197189 1 1 0
2.03076 0.0197954 0.0197954 1 1 0
2.02495 0.0198719 0.0198719 1 1 0
2.01918 0.0199485 0.0199485 1 1 0
2.01344 0.0200252 0.0200252 1 1 0
2.00774 0.0201018 0.0201018 1 1 0
2.00207 0.0201786 0.0201786 1 1 0
1.99645 0.0202553 0.0202553 1 1 0
1.99085 0.0203321 0.0203321 1 1 0
1.9853 0.020409 0.020409 1 1 0
1.97977 0.0204859 0.0204859 1 1 0
1.97429 0.0205628 0.0205628 1 1 0
1.96883 0.0206398 0.0206398 1 1 0
1.96342 0.0207168 0.0207168 1 1 0
1.95803 0.0207938 0.0207938 1 1 0
1.95268 0.0208709 0.0208709 1 1 0
1.94736 0.020948 0.020948 1 1 0
1.94208 0.0210252 0.0210252 1 1 0
1.93683 0.0211024 0.0211024 1 1 0
1.93161 0.0211796 0.0211796 1 1 0
1.92642 0.0212569 0.0212569 1 1 0
1.92127 0.0213342 0.0213342 1 1 0
1.91614 0.0214115 0.0214115 1 1 0
1.91105 0.0214889 0.0214889 1 1 0
1.90599 0.0215663 0.0215663 1 1 0
1.90096 0.0216437 0.0216437 1 1 0
1.89596 0.0217211 0.0217211 1 1 0
1.89099 0.0217986 0.0217986 1 1 0
1.88605 0.0218762 0.0218762 1 1 0
1.88113 0.0219537 0.0219537 1 1 0
1.87625 0.0220313 0.0220313 1 1 0
1.8714 0.0221089 0.0221089 1 1 0
1.86658 0.0221865 0.0221865 1 1 0
1.86178 0.0222642 0.0222642 1 1 0
1.85702 0.0223419 0.0223419 1 1 0
1.85228 0.0224196 0.0224196 1 1 0
1.84757 0.0224974 0.0224974 1 1 0
1.84289 0.0225751 0.0225751 1 1 0
1.83823 0.0226529 0.0226529 1 1 0
1.83361 0.0227308 0.0227308 1 1 0
1.82901 0.0228086 0.0228086 1 1 0
1.82443 0.0228865 0.0228865 1 1 0
1.81989 0.0229644 0.0229644 1 1 0
1.81537 0.0230423 0.0230423 1 1 0
1.81087 0.0231203 0.0231203 1 1 0
1.8064 0.0231983 0.0231983 1 1 0
1.80196 0.0232763 0.0232763 1 1 0
1.79754 0.0233543 0.0233543 1 1 0
1.79315 0.0234323 0.0234323 1 1 0
1.78878 0.0235104 0.0235104 1 1 0
1.78444 0.0235885 0.0235885 1 1 0
1.78012 0.0236666 0.0236666 1 1 0
1.77583 0.0237447 0.0237447 1 1 0
1.77156 0.0238229 0.0238229 1 1 0
1.76731 0.0239011 0.0239011 1 1 0
1.76309 0.0239793 0.0239793 1 1 0
1.75889 0.0240575 0.0240575 1 1 0
1.75471 0.0241357 0.0241357 1 1 0
1.75056 0.024214 0.024214 1 1 0
1.74643 0.0242923 0.0242923 1 1 0
1.74233 0.0243706 0.0243706 1 1 0
1.73824 0.0244489 0.0244489 1 1 0
1.73418 0.0245272 0.0245272 1 1 0
1.73014 0.0246056 0.0246056 1 1 0
1.72613 0.0246839 0.0246839 1 1 0
1.72213 0.0247623 0.0247623 1 1 0
1.71816 0.0248407 0.0248407 1 1 0
1.71421 0.0249191 0.0249191 1 1 0
1.71028 0.0249976 0.0249976 1 1 0
1.70637 0.025076 0.025076 1 1 0
1.70248 0.0251545 0.0251545 1 1 0
1.69861 0.025233 0.025233 1 1 0
1.69476 0.0253115 0.0253115 1 1 0
1.69094 0.02539 0.02539 1 1 0
1.68713 0.0254686 0.0254686 1 1 0
1.68335 0.0255471 0.0255471 1 1 0
1.67958 0.0256257 0.0256257 1 1 0
1.67583 0.0257043 0.0257043 1 1 0
1.67211 0.0257829 0.0257829 1 1 0
1.6684 0.0258615 0.0258615 1 1 0
1.66471 0.0259401 0.0259401 1 1 0
1.66104 0.0260187 0.0260187 1 1 0
1.65739 0.0260974 0.0260974 1 1 0
1.65376 0.0261761 0.0261761 1 1 0
1.65015 0.0262548 0.0262548 1 1 0
1.64656 0.0263335 0.0263335 1 1 0
1.64298 0.0264122 0.0264122 1 1 0
1.63943 0.0264909 0.0264909 1 1 0
1.63589 0.0265696 0.0265696 1 1 0
1.63237 0.0266484 0.0266484 1 1 0
1.62887 0.0267271 0.0267271 1 1 0
1.62538 0.0268059 0.0268059 1 1 0
1.62191 0.0268847 0.0268847 1 1 0
1.61846 0.0269635 0.0269635 1 1 0
1.61503 0.0270423 0.0270423 1 1 0
1.61162 0.0271211 0.0271211 1 1 0
1.60822 0.0272 0.0272 1 1 0
1.60484 0.0272788 0.0272788 1 1 0
1.60147 0.0273577 0.0273577 1 1 0
1.59813 0.0274366 0.0274366 1 1 0
1.59479 0.0275154 0.0275154 1 1 0
1.59148 0.0275943 0.0275943 1 1 0
1.58818 0.0276732 0.0276732 1 1 0
1.5849 0.0277521 0.0277521 1 1 0
1.58163 0.0278311 0.0278311 1 1 0
1.57838 0.02791 0.02791 1 1 0
1.57515 0.027989 0.027989 1 1 0
1.57193 0.0280679 0.0280679 1 1 0
1.56873 0.0281469 0.0281469 1 1 0
1.56554 0.0282259 0.0282259 1 1 0
1.56237 0.0283048 0.0283048 1 1 0
1.55921 0.0283838 0.0283838 1 1 0
1.55607 0.0284628 0.0284628 1 1 0
1.55294 0.0285419 0.0285419 1 1 0
1.54983 0.0286209 0.0286209 1 1 0
1.54673 0.0286999 0.0286999 1 1 0
1.54365 0.028779 0.028779 1 1 0
1.54058 0.028858 0.028858 1 1 0
1.53753 0.0289371 0.0289371 1 1 0
1.53449 0.0290161 0.0290161 1 1 0
1.53146 0.0290952 0.0290952 1 1 0
1.52845 0.0291743 0.0291743 1 1 0
1.52545 0.0292534 0.0292534 1 1 0
1.52247 0.0293325 0.0293325 1 1 0
1.5195 0.0294116 0.0294116 1 1 0
1.51654 0.0294907 0.0294907 1 1 0
1.5136 0.0295699 0.0295699 1 1 0
1.51067 0.029649 0.029649 1 1 0
1.50776 0.0297282 0.0297282 1 1 0
1.50486 0.0298073 0.0298073 1 1 0
1.50197 0.0298865 0.0298865 1 1 0
1.49909 0.0299656 0.0299656 1 1 0
1.49623 0.0300448 0.0300448 1 1 0
1.49338 0.030124 0.030124 1 1 0
1.49055 0.0302032 0.0302032 1 1 0
1.48772 0.0302824 0.0302824 1 1 0
1.48491 0.0303616 0.0303616 1 1 0
1.48211 0.0304408 0.0304408 1 1 0
1.47933 0.03052 0.03052 1 1 0
1.47655 0.0305993 0.0305993 1 1 0
1.47379 0.0306785 0.0306785 1 1 0
1.47104 0.0307577 0.0307577 1 1 0
1.46831 0.030837 0.030837 1 1 0
1.46558 0.0309162 0.0309162 1 1 0
1.46287 0.0309955 0.0309955 1 1 0
1.46017 0.0310748 0.0310748 1 1 0
1.45748 0.031154 0.031154 1 1 0
1.4548 0.0312333 0.0312333 1 1 0
1.45214 0.0313126 0.0313126 1 1 0
1.44948 0.0313919 0.0313919 1 1 0
1.44684 0.0314712 0.0314712 1 1 0
1.44421 0.0315505 0.0315505 1 1 0
1.44159 0.0316298 0.0316298 1 1 0
1.43898 0.0317091 0.0317091 1 1 0
1.43638 0.0317884 0.0317884 1 1 0
1.4338 0.0318678 0.0318678 1 1 0
1.43122 0.0319471 0.0319471 1 1 0
1.42866 0.0320264 0.0320264 1 1 0
1.42611 0.0321058 0.0321058 1 1 0
1.42356 0.0321851 0.0321851 1 1 0
1.42103 0.0322645 0.0322645 1 1 0
1.41851 0.0323438 0.0323438 1 1 0
1.416 0.0324232 0.0324232 1 1 0
1.4135 0.0325026 0.0325026 1 1 0
1.41101 0.032582 0.032582 1 1 0
1.40853 0.0326613 0.0326613 1 1 0
1.40606 0.0327407 0.0327407 1 1 0
1.40361 0.0328201 0.0328201 1 1 0
